1.433,30,42,65
B0,mixamorig_Hips,-1,0.9923494458198547,0.0701407790184021,0.10134124010801315,0,-0.07224038243293762,0.9972116947174072,0.01715201884508133,0,-0.09987953305244446,-0.02433140017092228,0.9946969747543335,0,0.09360437095165253,0.919814944267273,-0.0044799488969147205,1
B1,mixamorig_Spine,0,0.9929336905479431,0.017354797571897507,0.11734457314014435,0,-0.011563868261873722,0.9986823797225952,-0.049851980060338974,0,-0.11806235462427139,0.04814402386546135,0.9918370246887207,0,0,0.10156600177288055,-0.00623599998652935,1
B2,mixamorig_Spine1,1,0.9953813552856445,0.022894294932484627,0.09322767704725266,0,-0.021999644115567207,0.9996999502182007,-0.010607379488646984,0,-0.09344393759965897,0.00850730761885643,0.9955869913101196,0,0,0.1187169998884201,0,1
B3,mixamorig_Spine2,2,0.9954197406768799,0.027441225945949554,0.09157617390155792,0,-0.02629902958869934,0.9995591044425964,-0.01365271583199501,0,-0.09191177040338516,0.011181644164025784,0.9957029223442078,0,0,0.13567699491977692,0,1
B4,mixamorig_Neck,3,0.9981075525283813,-0.002713976427912712,-0.06142942234873772,0,0.0011979995761066675,0.9996926188468933,-0.024702927097678185,0,0.061479005962610245,0.024582838639616966,0.997804582118988,0,0,0.15263600647449493,0,1
B5,mixamorig_Head,4,0.9288736581802368,-0.2227538675069809,-0.2959268093109131,0,0.16258102655410767,0.9630720019340515,-0.21460819244384766,0,0.33280500769615173,0.1512303352355957,0.9307877421379089,0,0,0.04138899967074394,0.018766000866889954,1
B6,mixamorig_HeadTop_End,5,1,0,0,0,0,1,0,0,0,0,1,0,0,0.22650200128555298,0.10269899666309357,1
B7,mixamorig_LeftShoulder,3,-0.052870433777570724,0.010392611846327782,-0.9985467195510864,0,0.9741547107696533,-0.2193642109632492,-0.053861793130636215,0,-0.2196052521467209,-0.9755875468254089,0.0014736452139914036,0,0.056724000722169876,0.13423499464988708,-0.0010100000072270632,1
B8,mixamorig_LeftArm,7,0.8702270984649658,0.4909363090991974,-0.04039471596479416,0,-0.32453760504722595,0.6332071423530579,0.7025847434997559,0,0.37048691511154175,-0.5983346700668335,0.7103544473648071,0,0,0.11925199627876282,0,1
B9,mixamorig_LeftForeArm,8,0.3793572187423706,0.4303111135959625,-0.8190977573394775,0,-0.7189703583717346,0.6943137645721436,0.03177240863442421,0,0.5823827385902405,0.5768535137176514,0.5727738738059998,0,0,0.1984899938106537,0,1
B10,mixamorig_LeftHand,9,0.6767017245292664,-0.1653967946767807,0.7173705101013184,0,-0.12833163142204285,0.9330158233642578,0.3360651731491089,0,-0.7249263525009155,-0.31945115327835083,0.6101457476615906,0,0,0.27636200189590454,0,1
B11,mixamorig_LeftHandThumb1,10,0.9912620186805725,0.06933750957250595,-0.11221499741077423,0,-0.032538507133722305,0.9529449939727783,0.30139198899269104,0,0.12783199548721313,-0.29510700702667236,0.9468740224838257,0,-0.01856900006532669,0.01889199949800968,0.005654000211507082,1
B12,mixamorig_LeftHandThumb2,11,0.9748460054397583,-0.2068209946155548,0.08306749165058136,0,0.2060839980840683,0.9783790111541748,0.017444999888539314,0,-0.08487900346517563,0.00011300000187475234,0.9963909983634949,0,-0.003739000065252185,0.021344000473618507,0,1
B13,mixamorig_LeftHandThumb3,12,0.9977970123291016,-0.04773800075054169,0.04607599973678589,0,0.05004950985312462,0.9974750280380249,-0.05038199946284294,0,-0.043554000556468964,0.052577000111341476,0.9976670145988464,0,0.0007280000136233866,0.023693999275565147,0,1
B14,mixamorig_LeftHandThumb4,13,1,0,0,0,0,1,0,0,0,0,1,0,0.003011000109836459,0.021405000239610672,0,1
B15,mixamorig_LeftHandIndex1,10,0.9983069896697998,0.05778200179338455,-0.006655000150203705,0,-0.05310999974608421,0.9522320032119751,0.30072200298309326,0,0.023713000118732452,-0.2998589873313904,0.9536889791488647,0,-0.02429099939763546,0.08629400283098221,0.0008520000264979899,1
B16,mixamorig_LeftHandIndex2,15,0.9982050061225891,-0.058921001851558685,-0.01076900027692318,0,0.0586245097219944,0.9242150187492371,0.3773449957370758,0,-0.012280000373721123,-0.3772990107536316,0.926010012626648,0,0.0000940000027185306,0.017405999824404716,0,1
B17,mixamorig_LeftHandIndex3,16,0.9993630051612854,-0.03552849218249321,-0.0033370000310242176,0,0.03550700098276138,0.9806889891624451,0.1923229992389679,0,-0.003561000106856227,-0.19231900572776794,0.9813259840011597,0,0.000007999999979801942,0.01588599942624569,0,1
B18,mixamorig_LeftHandIndex4,17,1,0,0,0,0,1,0,0,0,0,1,0,-0.00010199999815085903,0.011946000158786774,0,1
B19,mixamorig_LeftHandMiddle1,10,0.9986389875411987,0.051747001707553864,-0.006467000115662813,0,-0.04741699993610382,0.9526295065879822,0.30041399598121643,0,0.021707000210881233,-0.29969900846481323,0.9537870287895203,0,-0.008290000259876251,0.08684699982404709,-0.0002610000083222985,1
B20,mixamorig_LeftHandMiddle2,19,0.9984790086746216,-0.05410199984908104,-0.010613000020384789,0,0.05410199984908104,0.9244300127029419,0.3774944841861725,0,-0.010613000020384789,-0.3774944841861725,0.9259510040283203,0,0.000048999998398358,0.01811699941754341,0,1
B21,mixamorig_LeftHandMiddle3,20,0.9996169805526733,-0.027557000517845154,-0.002675000112503767,0,0.027557000517845154,0.9809529781341553,0.19228099286556244,0,-0.002675000112503767,-0.19228099286556244,0.9813359975814819,0,-0.00004999999873689376,0.016178999096155167,0,1
B22,mixamorig_LeftHandMiddle4,21,1,0,0,0,0,1,0,0,0,0,1,0,9.999999974752427e-7,0.013965999707579613,0,1
B23,mixamorig_LeftHandRing1,10,0.9987310171127319,0.05032400041818619,-0.002073999959975481,0,-0.04737250879406929,0.9525489807128906,0.300678014755249,0,0.017107000574469566,-0.3001979887485504,0.9537234902381897,0,0.007581000216305256,0.08309199661016464,-0.001474000047892332,1
B24,mixamorig_LeftHandRing2,23,0.9983819723129272,-0.055806998163461685,-0.010931508615612984,0,0.055806998163461685,0.9245370030403137,0.37698298692703247,0,-0.01093200035393238,-0.37698298692703247,0.9261559844017029,0,-0.000003999999989900971,0.01862799935042858,0,1
B25,mixamorig_LeftHandRing3,24,0.9995920062065125,-0.02844499982893467,-0.002759000053629279,0,0.02844499982893467,0.9809529781341553,0.1921509951353073,0,-0.002759000053629279,-0.1921509951353073,0.9813609719276428,0,-0.00004099999932805076,0.0182499997317791,0,1
B26,mixamorig_LeftHandRing4,25,1,0,0,0,0,1,0,0,0,0,1,0,0.00004400000034365803,0.015300000086426735,0,1
B27,mixamorig_LeftHandPinky1,10,0.999638020992279,-0.012321491725742817,-0.023931000381708145,0,0.018727999180555344,0.9569720029830933,0.28957700729370117,0,0.01933399960398674,-0.28992000222206116,0.9568560123443604,0,0.02500000037252903,0.0759579986333847,0.00005199999941396527,1
B28,mixamorig_LeftHandPinky2,27,0.9998720288276672,0.011540000326931477,-0.01105399988591671,0,-0.006364491302520037,0.9220839738845825,0.3869380056858063,0,0.014658000320196152,-0.386817991733551,0.9220399856567383,0,0.0000870000003487803,0.023878000676631927,0,1
B29,mixamorig_LeftHandPinky3,28,0.9994029998779297,-0.034405000507831573,-0.0032130000181496143,0,0.03438099846243858,0.9807530045509338,0.19220399856567383,0,-0.0034620000515133142,-0.19220000505447388,0.9813500046730042,0,0.000028000000384054147,0.01817299984395504,0,1
B30,mixamorig_LeftHandPinky4,29,1,0,0,0,0,1,0,0,0,0,1,0,-0.00011500000255182385,0.015614000149071217,0,1
B31,mixamorig_RightShoulder,3,0.09883169829845428,-0.033011168241500854,0.9945564270019531,0,-0.9641551971435547,-0.25049740076065063,0.0874965712428093,0,0.24624495208263397,-0.96755450963974,-0.056585200130939484,0,-0.056724000722169876,0.1342490017414093,-0.0012489999644458294,1
B32,mixamorig_RightArm,31,0.9962396025657654,-0.060068294405937195,0.06220271810889244,0,-0.017984338104724884,0.5593984127044678,0.8286780714988708,0,-0.08455850929021835,-0.8266810774803162,0.5562304854393005,0,0,0.11925199627876282,0,1
B33,mixamorig_RightForeArm,32,0.5270910859107971,-0.1905307173728943,0.828054666519165,0,0.3178146779537201,0.9477303624153137,0.015765009447932243,0,-0.7877920866012573,0.2548587918281555,0.5604240894317627,0,0,0.1984889954328537,0,1
B34,mixamorig_RightHand,33,0.8289432525634766,0.3209993839263916,-0.4579356610774994,0,-0.08906024694442749,0.8840394020080566,0.45843958854675293,0,0.5521902441978455,-0.3392108380794525,0.7614148855209351,0,0,0.27640900015830994,0,1
B35,mixamorig_RightHandThumb1,34,0.9874799847602844,-0.12455400079488754,0.09679900109767914,0,0.09175200015306473,0.9526690244674683,0.28983500599861145,0,-0.12831799685955048,-0.27732449769973755,0.9521690011024475,0,0.016894999891519547,0.01775600016117096,0.004414000082761049,1
B36,mixamorig_RightHandThumb2,35,0.9701640009880066,0.23452399671077728,-0.061475999653339386,0,-0.2325035035610199,0.9718419909477234,0.03828800097107887,0,0.06872399896383286,-0.02285199984908104,0.9973739981651306,0,0.0029180001001805067,0.019708000123500824,0,1
B37,mixamorig_RightHandThumb3,36,0.9924690127372742,-0.11796700209379196,-0.03300200030207634,0,0.11625199764966965,0.9919700026512146,-0.04980500042438507,0,0.038612000644207,0.0455935075879097,0.9982140064239502,0,0.0009840000420808792,0.02503100037574768,0,1
B38,mixamorig_RightHandThumb4,37,1,0,0,0,0,1,0,0,0,0,1,0,-0.0039019999094307423,0.02382499910891056,0,1
B39,mixamorig_RightHandIndex1,34,0.9985979795455933,-0.052386507391929626,0.007658000104129314,0,0.045924000442028046,0.9290670156478882,0.3670499920845032,0,-0.026342999190092087,-0.3661835193634033,0.9301699995994568,0,0.023641999810934067,0.07944600284099579,0.0017219999572262168,1
B40,mixamorig_RightHandIndex2,39,0.9990479946136475,0.043108999729156494,0.006651999894529581,0,-0.04297399893403053,0.9466310143470764,0.3194409906864166,0,0.007474000100046396,-0.31942299008369446,0.947583019733429,0,-0.000058000001445179805,0.01935799978673458,0,1
B41,mixamorig_RightHandIndex3,40,0.999813973903656,0.01923700049519539,0.001567999948747456,0,-0.01923700049519539,0.9866210222244263,0.16189399361610413,0,0.001567999948747456,-0.16189399361610413,0.9868069887161255,0,0.000014000000192027073,0.01801699958741665,0,1
B42,mixamorig_RightHandIndex4,41,1,0,0,0,0,1,0,0,0,0,1,0,0.00004400000034365803,0.015348000451922417,0,1
B43,mixamorig_RightHandMiddle1,34,0.998869001865387,-0.0469059981405735,0.007796999998390675,0,0.040775999426841736,0.9293244481086731,0.36700549721717834,0,-0.024460000917315483,-0.366272509098053,0.9301859736442566,0,0.007929000072181225,0.08501999825239182,-0.0009089999948628247,1
B44,mixamorig_RightHandMiddle2,43,0.9992309808731079,0.03869599848985672,0.006347999908030033,0,-0.03869599848985672,0.9468399882316589,0.31936898827552795,0,0.006347999908030033,-0.31936898827552795,0.947609007358551,0,-0.000006000000212225132,0.01886500045657158,0,1
B45,mixamorig_RightHandMiddle3,44,0.9998059868812561,0.019610000774264336,0.0015979999443516135,0,-0.019610000774264336,0.9866200089454651,0.1618500053882599,0,0.0015979999443516135,-0.1618500053882599,0.986814022064209,0,0.000028000000384054147,0.01728600077331066,0,1
B46,mixamorig_RightHandMiddle4,45,1,0,0,0,0,1,0,0,0,0,1,0,-0.000022000000171829015,0.013669000007212162,0,1
B47,mixamorig_RightHandRing1,34,0.9988719820976257,-0.04686399921774864,0.007689999882131815,0,0.04077500104904175,0.9293249845504761,0.36700499057769775,0,-0.024345507845282555,-0.3662775158882141,0.9301869869232178,0,-0.00817899964749813,0.08290699869394302,-0.0010939999483525753,1
B48,mixamorig_RightHandRing2,47,0.9992290139198303,0.03873300179839134,0.006353999953716993,0,-0.03873300179839134,0.9468399882316589,0.3193640112876892,0,0.006353999953716993,-0.3193640112876892,0.9476109743118286,0,-0.000029999999242136255,0.019832000136375427,0,1
B49,mixamorig_RightHandRing3,48,0.9998059868812561,0.01962899975478649,0.001598999951966107,0,-0.01962899975478649,0.9866210222244263,0.16184799373149872,0,0.001598999951966107,-0.16184799373149872,0.986814022064209,0,0.000004999999873689376,0.018131999298930168,0,1
B50,mixamorig_RightHandRing4,49,1,0,0,0,0,1,0,0,0,0,1,0,0.00002499999936844688,0.015533999539911747,0,1
B51,mixamorig_RightHandPinky1,34,0.9984409809112549,-0.054042998701334,0.01396500039845705,0,0.04515499994158745,0.9290964603424072,0.3670704960823059,0,-0.03281199932098389,-0.3658674955368042,0.9300879836082458,0,-0.023391999304294586,0.07482399791479111,0.0018769999733194709,1
B52,mixamorig_RightHandPinky2,51,0.9991689920425415,0.04024900123476982,0.006382999941706657,0,-0.04017600044608116,0.9466729760169983,0.31968098878860474,0,0.006823999807238579,-0.31967198848724365,0.9475039839744568,0,-0.000050999999075429514,0.022810999304056168,0,1
B53,mixamorig_RightHandPinky3,52,0.9998340010643005,0.01817600056529045,0.0014819999923929572,0,-0.01817600056529045,0.9866210222244263,0.16201600432395935,0,0.0014819999923929572,-0.16201600432395935,0.9867870211601257,0,0.000028000000384054147,0.01923000067472458,0,1
B54,mixamorig_RightHandPinky4,53,1,0,0,0,0,1,0,0,0,0,1,0,0.00002300000051036477,0.017090000212192535,0,1
B55,mixamorig_LeftUpLeg,0,-0.9466418027877808,0.05048219859600067,0.3180064558982849,0,-0.10089147090911865,-0.9843069911003113,-0.14383839070796967,0,0.30593523383140564,-0.16819697618484497,0.9369844794273376,0,0.08713100105524063,-0.05647600069642067,-0.009061000309884548,1
B56,mixamorig_LeftLeg,55,0.9997390508651733,-0.01609850488603115,0.007853543385863304,0,0.017824018374085426,0.9274661540985107,-0.37342527508735657,0,-0.0012903505703434348,0.37354713678359985,0.927512526512146,0,0,0.45840200781822205,0,1
B57,mixamorig_LeftFoot,56,0.9829550981521606,-0.10964170843362808,0.14665599167346954,0,-0.14991310238838196,-0.02586800791323185,0.9880797863006592,0,-0.1045169085264206,-0.9932281970977783,-0.041840750724077225,0,0,0.4031420052051544,0,1
B58,mixamorig_LeftToeBase,57,0.9995991587638855,-0.02659439668059349,0.00774402217939496,0,0.02025028131902218,0.8971042037010193,0.4398520290851593,0,-0.01867608353495598,-0.4395143985748291,0.8972862958908081,0,0,0.117576003074646,0,1
B59,mixamorig_LeftToe_End,58,1,0,0,0,0,1,0,0,0,0,1,0,0,0.045504000037908554,0,1
B60,mixamorig_RightUpLeg,0,-0.990435004234314,0.060967426747083664,-0.12322565913200378,0,-0.12054381519556046,-0.8159717321395874,0.5652621984481812,0,-0.066129170358181,0.5748149156570435,0.8155922293663025,0,-0.08713100105524063,-0.05647600069642067,-0.009465999901294708,1
B61,mixamorig_RightLeg,60,0.9933565258979797,0.06397195160388947,-0.095420241355896,0,-0.09054974466562271,0.9468743205070496,-0.3069049119949341,0,0.07091441005468369,0.31351351737976074,0.9463981986045837,0,0,0.45840999484062195,0,1
B62,mixamorig_RightFoot,61,0.981271505355835,0.004450415726751089,-0.18639124929904938,0,0.18302737176418304,0.18714158236980438,0.965042233467102,0,0.03930231183767319,-0.9810647964477539,0.18310043215751648,0,0,0.4031270146369934,0,1
B63,mixamorig_RightToeBase,62,0.9996709823608398,0.025666000321507454,0,0,-0.023605000227689743,0.9193739891052246,0.3926759958267212,0,0.010078491643071175,-0.39254599809646606,0.9196770191192627,0,0,0.11628600209951401,0,1
B64,mixamorig_RightToe_End,63,1,0,0,0,0,1,0,0,0,0,1,0,0,0.04585700109601021,0,1
@52,0,1,2,3,4,5,7,8,9,10,11,12,13,15,16,17,19,20,21,23,24,25,27,28,29,31,32,33,34,35,36,37,39,40,41,43,44,45,47,48,49,51,52,53,55,56,57,58,60,61,62,63
K0.000,0.9995660185813904,-0.015977999195456505,-0.024768000468611717,0,0.014356999658048153,0.9978259801864624,-0.06431599706411362,0,0.025741999968886375,0.06393200159072876,0.997622013092041,0,0.0006280000088736415,0.9401980042457581,0.006380000151693821,1,0.9997040033340454,-0.009816000238060951,-0.02227799966931343,0,0.00989499967545271,0.9999449849128723,0.0034650000743567944,0,0.02224300056695938,-0.003684000112116337,0.9997460246086121,0,0,0.10156600177288055,-0.00623599998652935,1,0.9996100068092346,-0.021071000024676323,-0.018341999500989914,0,0.021769000217318535,0.9990140199661255,0.03868500143289566,0,0.01750900037586689,-0.039069999009370804,0.9990829825401306,0,0,0.1187169998884201,0,1,0.9996079802513123,-0.021606000140309334,-0.0177839994430542,0,0.022275999188423157,0.9990149736404419,0.038371000438928604,0,0.016937000676989555,-0.0387520007789135,0.9991049766540527,0,0,0.13567699491977692,0,1,0.9993109703063965,-0.036830998957157135,-0.004579000174999237,0,0.03661299869418144,0.9984909892082214,-0.04092999920248985,0,0.0060800001956522465,0.040734998881816864,0.9991520047187805,0,0,0.15263600647449493,0,1,0.9997590184211731,0.008212000131607056,0.02034500055015087,0,-0.003819999983534217,0.9782969951629639,-0.20717300474643707,0,-0.02160399965941906,0.2070460021495819,0.9780930280685425,0,0,0.04138899967074394,0.018766000866889954,1,-0.057610999792814255,0.011742999777197838,-0.9982699751853943,0,0.9693250060081482,-0.23865599930286407,-0.058747999370098114,0,-0.2389329969882965,-0.971032977104187,0.002366000087931752,0,0.056724000722169876,0.13423499464988708,-0.0010100000072270632,1,0.9397619962692261,0.3390960097312927,-0.0431549996137619,0,-0.1876789927482605,0.6173549890518188,0.7639690041542053,0,0.2857010066509247,-0.709850013256073,0.6438080072402954,0,0,0.11925199627876282,0,1,0.4975390136241913,0.2700960040092468,-0.8243200182914734,0,-0.45127999782562256,0.8921589851379395,0.01994200050830841,0,0.7408109903335571,0.362076997756958,0.5657730102539062,0,0,0.1984899938106537,0,1,0.785148024559021,-0.09083499759435654,0.6126099824905396,0,-0.16946600377559662,0.9199190139770508,0.3535960018634796,0,-0.5956709980964661,-0.38144099712371826,0.7068799734115601,0,0,0.27636200189590454,0,1,0.9912620186805725,0.06933700293302536,-0.11221499741077423,0,-0.032538000494241714,0.9529449939727783,0.30139198899269104,0,0.12783199548721313,-0.29510700702667236,0.9468740224838257,0,-0.01856900006532669,0.01889199949800968,0.005654000211507082,1,0.9748460054397583,-0.2068209946155548,0.08306699991226196,0,0.2060839980840683,0.9783790111541748,0.017444999888539314,0,-0.08487900346517563,0.00011300000187475234,0.9963909983634949,0,-0.003739000065252185,0.021344000473618507,0,1,0.9977970123291016,-0.04773800075054169,0.04607599973678589,0,0.05004899948835373,0.9974750280380249,-0.05038300156593323,0,-0.04355499893426895,0.052577998489141464,0.9976670145988464,0,0.0007280000136233866,0.023693999275565147,0,1,0.9983069896697998,0.05778200179338455,-0.006655000150203705,0,-0.05310999974608421,0.9522320032119751,0.30072200298309326,0,0.023713000118732452,-0.2998589873313904,0.9536889791488647,0,-0.02429099939763546,0.08629400283098221,0.0008520000264979899,1,0.9982050061225891,-0.058921001851558685,-0.010769999586045742,0,0.0586250014603138,0.9242150187492371,0.3773449957370758,0,-0.012280000373721123,-0.3772990107536316,0.926010012626648,0,0.0000940000027185306,0.017405999824404716,0,1,0.9993630051612854,-0.03552800044417381,-0.0033370000310242176,0,0.03550700098276138,0.9806889891624451,0.1923229992389679,0,-0.003561000106856227,-0.19231900572776794,0.9813259840011597,0,0.000007999999979801942,0.01588599942624569,0,1,0.9986389875411987,0.051747001707553864,-0.006467000115662813,0,-0.04741699993610382,0.9526299834251404,0.30041399598121643,0,0.021707000210881233,-0.29969900846481323,0.9537870287895203,0,-0.008290000259876251,0.08684699982404709,-0.0002610000083222985,1,0.9984790086746216,-0.05410199984908104,-0.010613000020384789,0,0.05410199984908104,0.9244300127029419,0.3774940073490143,0,-0.010613000020384789,-0.3774940073490143,0.9259510040283203,0,0.000048999998398358,0.01811699941754341,0,1,0.9996169805526733,-0.02755800075829029,-0.002675000112503767,0,0.02755800075829029,0.9809529781341553,0.19228099286556244,0,-0.002675000112503767,-0.19228099286556244,0.9813359975814819,0,-0.00004999999873689376,0.016178999096155167,0,1,0.9987310171127319,0.05032400041818619,-0.002073999959975481,0,-0.0473719984292984,0.9525489807128906,0.300678014755249,0,0.017107000574469566,-0.3001979887485504,0.9537240266799927,0,0.007581000216305256,0.08309199661016464,-0.001474000047892332,1,0.9983819723129272,-0.055806998163461685,-0.01093200035393238,0,0.055806998163461685,0.9245370030403137,0.37698298692703247,0,-0.01093200035393238,-0.37698298692703247,0.9261559844017029,0,-0.000003999999989900971,0.01862799935042858,0,1,0.9995920062065125,-0.02844499982893467,-0.002759000053629279,0,0.02844499982893467,0.9809529781341553,0.1921519935131073,0,-0.002759000053629279,-0.1921519935131073,0.9813609719276428,0,-0.00004099999932805076,0.0182499997317791,0,1,0.999638020992279,-0.012322000227868557,-0.023931000381708145,0,0.018727999180555344,0.9569720029830933,0.28957599401474,0,0.019332999363541603,-0.28992000222206116,0.9568560123443604,0,0.02500000037252903,0.0759579986333847,0.00005199999941396527,1,0.9998720288276672,0.011540000326931477,-0.01105399988591671,0,-0.006364000029861927,0.9220839738845825,0.3869380056858063,0,0.014658000320196152,-0.386817991733551,0.9220389723777771,0,0.0000870000003487803,0.023878000676631927,0,1,0.9994029998779297,-0.034405000507831573,-0.0032130000181496143,0,0.03438099846243858,0.9807530045509338,0.19220399856567383,0,-0.003461000043898821,-0.19220000505447388,0.9813500046730042,0,0.000028000000384054147,0.01817299984395504,0,1,0.08171100169420242,-0.027816999703645706,0.9962679743766785,0,-0.9690790176391602,-0.2357340008020401,0.0728989988565445,0,0.23282699286937714,-0.9714189767837524,-0.04621899873018265,0,-0.056724000722169876,0.1342490017414093,-0.0012489999644458294,1,0.9853649735450745,-0.16746699810028076,0.03179899975657463,0,0.07334399968385696,0.5849310159683228,0.8077600002288818,0,-0.1538739949464798,-0.7936059832572937,0.588653028011322,0,0,0.11925199627876282,0,1,0.4979740083217621,-0.2621780037879944,0.8266100287437439,0,0.43732500076293945,0.899042010307312,0.021693000569939613,0,-0.7488449811935425,0.35069501399993896,0.5623559951782227,0,0,0.1984889954328537,0,1,0.9388599991798401,0.1564200073480606,-0.3067159950733185,0,0.012319999746978283,0.8750079870223999,0.48395100235939026,0,0.34407898783683777,-0.4581409990787506,0.819582998752594,0,0,0.27640900015830994,0,1,0.9874799847602844,-0.12455400079488754,0.09679900109767914,0,0.09175200015306473,0.9526690244674683,0.28983500599861145,0,-0.12831799685955048,-0.27732399106025696,0.9521690011024475,0,0.016894999891519547,0.01775600016117096,0.004414000082761049,1,0.9701650142669678,0.23452399671077728,-0.061475999653339386,0,-0.2325029969215393,0.9718419909477234,0.03828800097107887,0,0.06872399896383286,-0.022853000089526176,0.9973739981651306,0,0.0029180001001805067,0.019708000123500824,0,1,0.9924690127372742,-0.11796700209379196,-0.03300200030207634,0,0.11625199764966965,0.9919700026512146,-0.04980500042438507,0,0.038612000644207,0.04559300094842911,0.9982140064239502,0,0.0009840000420808792,0.02503100037574768,0,1,0.9985979795455933,-0.05238699913024902,0.007656999863684177,0,0.045924000442028046,0.9290670156478882,0.3670499920845032,0,-0.026342999190092087,-0.36618301272392273,0.9301699995994568,0,0.023641999810934067,0.07944600284099579,0.0017219999572262168,1,0.9990479946136475,0.043108999729156494,0.006651999894529581,0,-0.04297399893403053,0.9466310143470764,0.3194409906864166,0,0.007474000100046396,-0.31942299008369446,0.947583019733429,0,-0.000058000001445179805,0.01935799978673458,0,1,0.999813973903656,0.01923700049519539,0.001567999948747456,0,-0.01923700049519539,0.9866210222244263,0.16189399361610413,0,0.001567999948747456,-0.16189399361610413,0.9868069887161255,0,0.000014000000192027073,0.01801699958741665,0,1,0.998869001865387,-0.0469059981405735,0.007796000223606825,0,0.040775999426841736,0.9293249845504761,0.36700499057769775,0,-0.024460000917315483,-0.3662720024585724,0.9301859736442566,0,0.007929000072181225,0.08501999825239182,-0.0009089999948628247,1,0.9992309808731079,0.03869599848985672,0.006347999908030033,0,-0.03869599848985672,0.9468399882316589,0.31936898827552795,0,0.006347999908030033,-0.31936898827552795,0.947609007358551,0,-0.000006000000212225132,0.01886500045657158,0,1,0.9998059868812561,0.019610000774264336,0.0015979999443516135,0,-0.019610000774264336,0.9866200089454651,0.1618500053882599,0,0.0015979999443516135,-0.1618500053882599,0.986814022064209,0,0.000028000000384054147,0.01728600077331066,0,1,0.9988719820976257,-0.04686399921774864,0.007689000107347965,0,0.040775999426841736,0.9293249845504761,0.36700499057769775,0,-0.024344999343156815,-0.3662770092487335,0.9301869869232178,0,-0.00817899964749813,0.08290699869394302,-0.0010939999483525753,1,0.9992290139198303,0.03873300179839134,0.006353999953716993,0,-0.03873300179839134,0.9468399882316589,0.3193640112876892,0,0.006353999953716993,-0.3193640112876892,0.9476109743118286,0,-0.000029999999242136255,0.019832000136375427,0,1,0.9998059868812561,0.01962899975478649,0.001598999951966107,0,-0.01962899975478649,0.9866200089454651,0.16184799373149872,0,0.001598999951966107,-0.16184799373149872,0.986814022064209,0,0.000004999999873689376,0.018131999298930168,0,1,0.9984409809112549,-0.054042998701334,0.01396500039845705,0,0.04515499994158745,0.9290969967842102,0.3670699894428253,0,-0.03281199932098389,-0.3658669888973236,0.9300879836082458,0,-0.023391999304294586,0.07482399791479111,0.0018769999733194709,1,0.9991689920425415,0.04024900123476982,0.006382999941706657,0,-0.04017600044608116,0.9466729760169983,0.31968098878860474,0,0.006823999807238579,-0.31967198848724365,0.9475039839744568,0,-0.000050999999075429514,0.022810999304056168,0,1,0.9998340010643005,0.01817600056529045,0.0014819999923929572,0,-0.01817600056529045,0.9866210222244263,0.16201600432395935,0,0.0014819999923929572,-0.16201600432395935,0.9867870211601257,0,0.000028000000384054147,0.01923000067472458,0,1,-0.9888499975204468,-0.05506100133061409,0.13835899531841278,0,0.1036050021648407,-0.9217709898948669,0.37363600730895996,0,0.10696300119161606,0.3838050067424774,0.9171980023384094,0,0.08713100105524063,-0.05647600069642067,-0.009061000309884548,1,0.9926869869232178,0.10032899677753448,0.06713800132274628,0,0.004960999824106693,0.521772027015686,-0.8530700206756592,0,-0.12061800062656403,0.8471639752388,0.517458975315094,0,0,0.45840200781822205,0,1,0.9814879894256592,-0.019085999578237534,0.19056999683380127,0,-0.1813730001449585,0.22699899971485138,0.9568570256233215,0,-0.061521001160144806,-0.9737079739570618,0.21933600306510925,0,0,0.4031420052051544,0,1,0.9997280240058899,-0.02316099964082241,0.0027660001069307327,0,0.020044000819325447,0.9136630296707153,0.4059770107269287,0,-0.01193000003695488,-0.40581101179122925,0.9138789772987366,0,0,0.117576003074646,0,1,-0.983938992023468,-0.020176000893115997,-0.17736299335956573,0,-0.015269000083208084,-0.9804369807243347,0.19623799622058868,0,-0.17785300314426422,0.1957949995994568,0.964381992816925,0,-0.08713100105524063,-0.05647600069642067,-0.009465999901294708,1,0.9913259744644165,0.0419050008058548,-0.12456399947404861,0,-0.10883499681949615,0.7930489778518677,-0.5993559956550598,0,0.07366900146007538,0.6077139973640442,0.7907310128211975,0,0,0.45840999484062195,0,1,0.984919011592865,-0.015282999724149704,-0.17233900725841522,0,0.17298799753189087,0.06921900063753128,0.9824889898300171,0,-0.003085999982431531,-0.997484028339386,0.07081799954175949,0,0,0.4031270146369934,0,1,0.9996709823608398,0.025666000321507454,0,0,-0.023605000227689743,0.9193739891052246,0.3926759958267212,0,0.010079000145196915,-0.39254701137542725,0.9196770191192627,0,0,0.11628600209951401,0,1
K0.033,0.9992319941520691,-0.01730402372777462,-0.03514709696173668,0,0.014776014722883701,0.9973689913749695,-0.07096404582262039,0,0.036282096058130264,0.07039104402065277,0.9968590140342712,0,-0.0009090130915865302,0.9479910731315613,0.0020979554392397404,1,0.9990710020065308,-0.01429203525185585,-0.040647175163030624,0,0.014598037116229534,0.9998670220375061,0.007246017921715975,0,0.04053817689418793,-0.007833022624254227,0.9991469979286194,0,0,0.10156600177288055,-0.00623599998652935,1,0.9991310238838196,-0.02338801883161068,-0.03449514880776405,0,0.024820026010274887,0.9988219738006592,0.041686009615659714,0,0.03348014876246452,-0.042505018413066864,0.9985349774360657,0,0,0.1187169998884201,0,1,0.9991210103034973,-0.024438023567199707,-0.03405514732003212,0,0.025835031643509865,0.9988170266151428,0.041199009865522385,0,0.0330081507563591,-0.042043015360832214,0.9985700249671936,0,0,0.13567699491977692,0,1,0.9993159770965576,-0.03675299882888794,0.0039800796657800674,0,0.03687100484967232,0.9986860156059265,-0.0355999581515789,0,-0.0026670810766518116,0.03572195768356323,0.9993579983711243,0,0,0.15263600647449493,0,1,0.9972209334373474,0.03947829082608223,0.06318740546703339,0,-0.02603021450340748,0.9792450070381165,-0.20099994540214539,0,-0.06981144845485687,0.19879589974880219,0.9775509834289551,0,0,0.04138899967074394,0.018766000866889954,1,-0.05743199959397316,0.011780999600887299,-0.9982799887657166,0,0.9692680239677429,-0.23893100023269653,-0.05858299881219864,0,-0.23920999467372894,-0.9709650278091431,0.00230299960821867,0,0.056724000722169876,0.13423499464988708,-0.0010100000072270632,1,0.9402310252189636,0.3366359770298004,-0.05140214413404465,0,-0.17981387674808502,0.6189650893211365,0.7645580172538757,0,0.2891940474510193,-0.7096189856529236,0.6425020098686218,0,0,0.11925199627876282,0,1,0.497065007686615,0.2710310220718384,-0.8242989778518677,0,-0.45284304022789,0.8913660049438477,0.02001100219786167,0,0.7401760220527649,0.36333101987838745,0.5658010244369507,0,0,0.1984899938106537,0,1,0.7751809358596802,-0.08613894134759903,0.625839114189148,0,-0.18510417640209198,0.916210949420929,0.35537904500961304,0,-0.6040120124816895,-0.3913281559944153,0.6942848563194275,0,0,0.27636200189590454,0,1,0.9912620186805725,0.06933700293302536,-0.11221499741077423,0,-0.032538000494241714,0.9529449939727783,0.30139198899269104,0,0.12783199548721313,-0.29510700702667236,0.9468740224838257,0,-0.01856900006532669,0.01889199949800968,0.005654000211507082,1,0.9748460054397583,-0.2068209946155548,0.08306699991226196,0,0.2060839980840683,0.9783790111541748,0.017443999648094177,0,-0.08487900346517563,0.00011300000187475234,0.9963909983634949,0,-0.003739000065252185,0.021344000473618507,0,1,0.9977970123291016,-0.04773800075054169,0.04607599973678589,0,0.05004899948835373,0.9974750280380249,-0.05038199946284294,0,-0.04355499893426895,0.052577000111341476,0.9976670145988464,0,0.0007280000136233866,0.023693999275565147,0,1,0.9983069896697998,0.05778200179338455,-0.006655000150203705,0,-0.05310999974608421,0.9522320032119751,0.30072200298309326,0,0.023713000118732452,-0.2998589873313904,0.9536889791488647,0,-0.02429099939763546,0.08629400283098221,0.0008520000264979899,1,0.9982050061225891,-0.058921001851558685,-0.010769999586045742,0,0.0586250014603138,0.9242150187492371,0.3773449957370758,0,-0.012280000373721123,-0.3772990107536316,0.926010012626648,0,0.0000940000027185306,0.017405999824404716,0,1,0.9993630051612854,-0.03552800044417381,-0.0033360000234097242,0,0.03550700098276138,0.9806889891624451,0.1923229992389679,0,-0.003561000106856227,-0.19231900572776794,0.9813259840011597,0,0.000007999999979801942,0.01588599942624569,0,1,0.9986389875411987,0.051747001707553864,-0.006467999890446663,0,-0.04741699993610382,0.9526299834251404,0.30041399598121643,0,0.021707000210881233,-0.29969900846481323,0.9537870287895203,0,-0.008290000259876251,0.08684699982404709,-0.0002610000083222985,1,0.9984790086746216,-0.05410199984908104,-0.010613000020384789,0,0.05410199984908104,0.9244300127029419,0.3774940073490143,0,-0.010613000020384789,-0.3774940073490143,0.9259510040283203,0,0.000048999998398358,0.01811699941754341,0,1,0.9996169805526733,-0.027557000517845154,-0.002675000112503767,0,0.027557000517845154,0.9809529781341553,0.19228099286556244,0,-0.002675000112503767,-0.19228099286556244,0.9813359975814819,0,-0.00004999999873689376,0.016178999096155167,0,1,0.9987310171127319,0.05032400041818619,-0.002073999959975481,0,-0.0473719984292984,0.9525489807128906,0.300678014755249,0,0.017107000574469566,-0.3001979887485504,0.9537240266799927,0,0.007581000216305256,0.08309199661016464,-0.001474000047892332,1,0.9983819723129272,-0.055806998163461685,-0.01093200035393238,0,0.055806998163461685,0.9245370030403137,0.37698298692703247,0,-0.01093200035393238,-0.37698298692703247,0.9261559844017029,0,-0.000003999999989900971,0.01862799935042858,0,1,0.9995920062065125,-0.02844499982893467,-0.002759000053629279,0,0.02844499982893467,0.9809529781341553,0.1921509951353073,0,-0.002759000053629279,-0.1921509951353073,0.9813609719276428,0,-0.00004099999932805076,0.0182499997317791,0,1,0.999638020992279,-0.012322000227868557,-0.023931000381708145,0,0.018727999180555344,0.9569720029830933,0.28957700729370117,0,0.01933399960398674,-0.28992000222206116,0.9568560123443604,0,0.02500000037252903,0.0759579986333847,0.00005199999941396527,1,0.9998720288276672,0.011540000326931477,-0.01105399988591671,0,-0.006364000029861927,0.9220839738845825,0.3869380056858063,0,0.014658000320196152,-0.386817991733551,0.9220399856567383,0,0.0000870000003487803,0.023878000676631927,0,1,0.9994029998779297,-0.034405000507831573,-0.0032130000181496143,0,0.03438099846243858,0.9807530045509338,0.19220399856567383,0,-0.0034620000515133142,-0.1921990066766739,0.9813500046730042,0,0.000028000000384054147,0.01817299984395504,0,1,0.08250100910663605,-0.027759000658988953,0.9962040185928345,0,-0.9691609740257263,-0.23514699935913086,0.07370901107788086,0,0.2322079986333847,-0.9715629816055298,-0.046303000301122665,0,-0.056724000722169876,0.1342490017414093,-0.0012489999644458294,1,0.9828810095787048,-0.17994511127471924,0.039562102407217026,0,0.0789860337972641,0.6055331826210022,0.7918907999992371,0,-0.16645312309265137,-0.7752088308334351,0.6093801856040955,0,0,0.11925199627876282,0,1,0.4916609525680542,-0.2747781276702881,0.8262969851493835,0,0.45834219455718994,0.8884848952293396,0.02273601107299328,0,-0.7403998970985413,0.3675481677055359,0.5627750158309937,0,0,0.1984889954328537,0,1,0.9559480547904968,0.11300865560770035,-0.27090978622436523,0,0.02642214670777321,0.8860461115837097,0.46284377574920654,0,0.2923436760902405,-0.4496128559112549,0.8440281748771667,0,0,0.27640900015830994,0,1,0.9874799847602844,-0.12455400079488754,0.09679900109767914,0,0.09175200015306473,0.9526690244674683,0.28983500599861145,0,-0.12831799685955048,-0.27732399106025696,0.9521690011024475,0,0.016894999891519547,0.01775600016117096,0.004414000082761049,1,0.9701650142669678,0.23452399671077728,-0.061475999653339386,0,-0.2325029969215393,0.9718419909477234,0.03828800097107887,0,0.06872399896383286,-0.02285199984908104,0.9973739981651306,0,0.0029180001001805067,0.019708000123500824,0,1,0.9924690127372742,-0.11796700209379196,-0.03300200030207634,0,0.11625199764966965,0.9919700026512146,-0.04980500042438507,0,0.038612000644207,0.04559300094842911,0.9982140064239502,0,0.0009840000420808792,0.02503100037574768,0,1,0.9985979795455933,-0.05238699913024902,0.007658000104129314,0,0.045924000442028046,0.9290670156478882,0.3670499920845032,0,-0.026342999190092087,-0.36618301272392273,0.9301699995994568,0,0.023641999810934067,0.07944600284099579,0.0017219999572262168,1,0.9990479946136475,0.043108999729156494,0.006651999894529581,0,-0.04297399893403053,0.9466310143470764,0.3194409906864166,0,0.007474000100046396,-0.31942299008369446,0.947583019733429,0,-0.000058000001445179805,0.01935799978673458,0,1,0.999813973903656,0.01923700049519539,0.001567999948747456,0,-0.01923700049519539,0.9866210222244263,0.16189399361610413,0,0.001567999948747456,-0.16189399361610413,0.9868069887161255,0,0.000014000000192027073,0.01801699958741665,0,1,0.998869001865387,-0.0469059981405735,0.007796999998390675,0,0.040775999426841736,0.9293249845504761,0.36700499057769775,0,-0.02446099929511547,-0.3662720024585724,0.9301859736442566,0,0.007929000072181225,0.08501999825239182,-0.0009089999948628247,1,0.9992309808731079,0.03869599848985672,0.006347999908030033,0,-0.03869599848985672,0.9468399882316589,0.31936898827552795,0,0.006347999908030033,-0.31936898827552795,0.947609007358551,0,-0.000006000000212225132,0.01886500045657158,0,1,0.9998059868812561,0.019610000774264336,0.0015979999443516135,0,-0.019610000774264336,0.9866210222244263,0.1618500053882599,0,0.0015979999443516135,-0.1618500053882599,0.986814022064209,0,0.000028000000384054147,0.01728600077331066,0,1,0.9988719820976257,-0.04686399921774864,0.007689999882131815,0,0.04077500104904175,0.9293249845504761,0.36700499057769775,0,-0.024344999343156815,-0.3662770092487335,0.9301869869232178,0,-0.00817899964749813,0.08290699869394302,-0.0010939999483525753,1,0.9992290139198303,0.03873300179839134,0.006353999953716993,0,-0.03873300179839134,0.9468399882316589,0.3193640112876892,0,0.006353999953716993,-0.3193640112876892,0.9476109743118286,0,-0.000029999999242136255,0.019832000136375427,0,1,0.9998059868812561,0.01962899975478649,0.001598999951966107,0,-0.01962899975478649,0.9866210222244263,0.16184799373149872,0,0.001598999951966107,-0.16184799373149872,0.986814022064209,0,0.000004999999873689376,0.018131999298930168,0,1,0.9984409809112549,-0.054042998701334,0.01396500039845705,0,0.04515499994158745,0.9290969967842102,0.3670699894428253,0,-0.03281300142407417,-0.3658669888973236,0.9300879836082458,0,-0.023391999304294586,0.07482399791479111,0.0018769999733194709,1,0.9991689920425415,0.04024900123476982,0.006382999941706657,0,-0.04017600044608116,0.9466729760169983,0.31968098878860474,0,0.006825000047683716,-0.31967198848724365,0.9475039839744568,0,-0.000050999999075429514,0.022810999304056168,0,1,0.9998340010643005,0.01817600056529045,0.0014830000000074506,0,-0.01817600056529045,0.9866210222244263,0.16201600432395935,0,0.0014819999923929572,-0.16201600432395935,0.9867870211601257,0,0.000028000000384054147,0.01923000067472458,0,1,-0.9852749109268188,-0.04353487864136696,0.1653422713279724,0,0.10618501156568527,-0.9137429594993591,0.39217108488082886,0,0.1340072900056839,0.40395310521125793,0.9049108624458313,0,0.08713100105524063,-0.05647600069642067,-0.009061000309884548,1,0.9945409893989563,0.06665463000535965,0.08028703182935715,0,0.018143124878406525,0.6472371816635132,-0.762072741985321,0,-0.10276079922914505,0.7593688368797302,0.6424942016601562,0,0,0.45840200781822205,0,1,0.9826509952545166,-0.018120018765330315,0.18457894027233124,0,-0.17527692019939423,0.23459012806415558,0.9561619758605957,0,-0.06062602624297142,-0.9719259142875671,0.22734414041042328,0,0,0.4031420052051544,0,1,0.9997699856758118,-0.02143700048327446,0,0,0.019763000309467316,0.9217320084571838,0.3873249888420105,0,-0.008302999660372734,-0.38723599910736084,0.9219430088996887,0,0,0.117576003074646,0,1,-0.981764018535614,-0.019541004672646523,-0.18909510970115662,0,-0.0062318905256688595,-0.9908600449562073,0.13474641740322113,0,-0.19000010192394257,0.1334674209356308,0.9726700782775879,0,-0.08713100105524063,-0.05647600069642067,-0.009465999901294708,1,0.991923987865448,0.04056297987699509,-0.12016896158456802,0,-0.1016189306974411,0.8211222290992737,-0.5616326332092285,0,0.07589203119277954,0.5693086385726929,0.8186132311820984,0,0,0.45840999484062195,0,1,0.985319972038269,-0.00009983980271499604,-0.1707179844379425,0,0.17028596997261047,0.07162003219127655,0.9827880263328552,0,0.012128161266446114,-0.9974319934844971,0.07058600336313248,0,0,0.4031270146369934,0,1,0.9996709823608398,0.025666000321507454,0,0,-0.023605000227689743,0.9193739891052246,0.3926759958267212,0,0.010079000145196915,-0.39254701137542725,0.9196770191192627,0,0,0.11628600209951401,0,1
