0.733,30,21,65
B0,mixamorig_Hips,-1,0.9976766109466553,0.06451007723808289,-0.009889187291264534,0,-0.05486629158258438,0.9095881581306458,0.41158002614974976,0,0.03567483648657799,-0.4103127717971802,0.9110833406448364,0,0.009716285392642021,0.8511861562728882,0.00010991624731104821,1
B1,mixamorig_Spine,0,0.9658418297767639,-0.08926431834697723,-0.24264465272426605,0,0.10535072535276413,0.9929028153419495,0.05416608974337578,0,0.23611369729042053,-0.07803347706794739,0.9684852957725525,0,0,0.10156600177288055,-0.00623599998652935,1
B2,mixamorig_Spine1,1,0.9976860880851746,-0.015019034966826439,-0.06613536924123764,0,0.01561708003282547,0.9998387694358826,0.008639516308903694,0,0.06599701195955276,-0.00965854711830616,0.997761070728302,0,0,0.1187169998884201,0,1
B3,mixamorig_Spine2,2,0.9976701736450195,-0.015286763198673725,-0.06630916148424149,0,0.01585756056010723,0.9998384714126587,0.008205965161323547,0,0.06617556512355804,-0.00924460869282484,0.9977533221244812,0,0,0.13567699491977692,0,1
B4,mixamorig_Neck,3,0.9980629682540894,0.0053886170499026775,0.06196649372577667,0,-0.0017236584099009633,0.9982509613037109,-0.059015046805143356,0,-0.062172528356313705,0.05879467353224754,0.9963276386260986,0,0,0.15263600647449493,0,1
B5,mixamorig_Head,4,0.9420817494392395,0.09990724921226501,0.319994181394577,0,0.00943752471357584,0.9462265372276306,-0.3232087194919586,0,-0.33510130643844604,0.3075554668903351,0.8905685544013977,0,0,0.04138899967074394,0.018766000866889954,1
B6,mixamorig_HeadTop_End,5,1,0,0,0,0,1,0,0,0,0,1,0,0,0.22650200128555298,0.10269899666309357,1
B7,mixamorig_LeftShoulder,3,0.010365406051278114,0.009002547711133957,-0.9998995661735535,0,0.975405216217041,-0.21982260048389435,0.008137611672282219,0,-0.2197292000055313,-0.9754048585891724,-0.011011891067028046,0,0.056724000722169876,0.13423499464988708,-0.0010100000072270632,1
B8,mixamorig_LeftArm,7,0.4346604645252228,-0.499421626329422,-0.7482470870018005,0,0.8488947153091431,0.5027037262916565,0.15758036077022552,0,0.29816755652427673,-0.705064058303833,0.6433646082878113,0,0,0.11925199627876282,0,1
B9,mixamorig_LeftForeArm,8,0.04127374663949013,0.5929811000823975,-0.8041576743125916,0,-0.990761399269104,0.1283363699913025,0.04378289356827736,0,0.129165381193161,0.7949209809303284,0.5928018093109131,0,0,0.1984899938106537,0,1
B10,mixamorig_LeftHand,9,0.736871063709259,0.12171422690153122,0.6649785041809082,0,0.1225183978676796,0.9432708621025085,-0.30845046043395996,0,-0.6648118495941162,0.30876389145851135,0.6801458597183228,0,0,0.27636200189590454,0,1
B11,mixamorig_LeftHandThumb1,10,0.8687340021133423,0.48327600955963135,-0.1083810031414032,0,-0.47386398911476135,0.8746770024299622,0.10194399952888489,0,0.1440649926662445,-0.03720400109887123,0.9888690114021301,0,-0.01856900006532669,0.01889199949800968,0.005654000211507082,1
B12,mixamorig_LeftHandThumb2,11,0.9523497819900513,-0.2941042482852936,0.08055002242326736,0,0.25873273611068726,0.919159471988678,0.2969176173210144,0,-0.16137994825839996,-0.2619172930717468,0.9514934420585632,0,-0.003739000065252185,0.021344000473618507,0,1
B13,mixamorig_LeftHandThumb3,12,0.8322337865829468,0.4518277943134308,-0.3210756778717041,0,-0.5385030508041382,0.7965136170387268,-0.27474722266197205,0,0.13153208792209625,0.40161383152008057,0.9062422513961792,0,0.0007280000136233866,0.023693999275565147,0,1
B14,mixamorig_LeftHandThumb4,13,1,0,0,0,0,1,0,0,0,0,1,0,0.003011000109836459,0.021405000239610672,0,1
B15,mixamorig_LeftHandIndex1,10,0.9571051001548767,0.2879127562046051,-0.028879152610898018,0,-0.2690875828266144,0.9206019043922424,0.2802472412586212,0,0.10723531991243362,-0.2604529559612274,0.9585920572280884,0,-0.02429099939763546,0.08629400283098221,0.0008520000264979899,1
B16,mixamorig_LeftHandIndex2,15,0.9864597320556641,-0.12625886499881744,-0.10466338694095612,0,0.12170647084712982,0.13585121929645538,0.9832062125205994,0,-0.10992414504289627,-0.9826323986053467,0.14937947690486908,0,0.0000940000027185306,0.017405999824404716,0,1
B17,mixamorig_LeftHandIndex3,16,0.9973196983337402,-0.07020130008459091,-0.02063698135316372,0,0.07090236246585846,0.8574727773666382,0.5096163153648376,0,-0.018080247566103935,-0.5097136497497559,0.8601512908935547,0,0.000007999999979801942,0.01588599942624569,0,1
B18,mixamorig_LeftHandIndex4,17,1,0,0,0,0,1,0,0,0,0,1,0,-0.00010199999815085903,0.011946000158786774,0,1
B19,mixamorig_LeftHandMiddle1,10,0.9839732050895691,0.1210692971944809,0.13059256970882416,0,-0.17809218168258667,0.6583319306373596,0.7311869859695435,0,0.0024352113250643015,-0.7427741885185242,0.6693983674049377,0,-0.008290000259876251,0.08684699982404709,-0.0002610000083222985,1
B20,mixamorig_LeftHandMiddle2,19,0.9904555082321167,-0.11474505811929703,-0.07634647935628891,0,0.11474505811929703,0.3797575533390045,0.9178466796875,0,-0.07634647935628891,-0.9178466796875,0.3893020749092102,0,0.000048999998398358,0.01811699941754341,0,1
B21,mixamorig_LeftHandMiddle3,20,0.9970582127571106,-0.07294025272130966,-0.023534415289759636,0,0.07294025272130966,0.8088039755821228,0.5834477543830872,0,-0.023534415289759636,-0.5834477543830872,0.8117467761039734,0,-0.00004999999873689376,0.016178999096155167,0,1
B22,mixamorig_LeftHandMiddle4,21,1,0,0,0,0,1,0,0,0,0,1,0,9.999999974752427e-7,0.013965999707579613,0,1
B23,mixamorig_LeftHandRing1,10,0.9974887371063232,0.03581102937459946,0.061091892421245575,0,-0.07022755593061447,0.6110305786132812,0.7884843349456787,0,-0.009093082509934902,-0.7907957434654236,0.612011730670929,0,0.007581000216305256,0.08309199661016464,-0.001474000047892332,1
B24,mixamorig_LeftHandRing2,23,0.9864693880081177,-0.1264529675245285,-0.10431571304798126,0,0.1264529675245285,0.18224158883094788,0.974889874458313,0,-0.10431655496358871,-0.974889874458313,0.1957722157239914,0,-0.000003999999989900971,0.01862799935042858,0,1
B25,mixamorig_LeftHandRing3,24,0.9975560903549194,-0.06726082414388657,-0.01883983239531517,0,0.06726082414388657,0.8523092269897461,0.5185509324073792,0,-0.01883983239531517,-0.5185509324073792,0.854752242565155,0,-0.00004099999932805076,0.0182499997317791,0,1
B26,mixamorig_LeftHandRing4,25,1,0,0,0,0,1,0,0,0,0,1,0,0.00004400000034365803,0.015300000086426735,0,1
B27,mixamorig_LeftHandPinky1,10,0.9996035099029541,0.00015717065252829343,0.02806183323264122,0,-0.023743681609630585,0.5388733744621277,0.841862678527832,0,-0.01502551045268774,-0.8421968221664429,0.5386675596237183,0,0.02500000037252903,0.0759579986333847,0.00005199999941396527,1
B28,mixamorig_LeftHandPinky2,27,0.9920714497566223,-0.11107604950666428,-0.05878332257270813,0,0.10922268778085709,0.5307254195213318,0.8404685258865356,0,-0.062159691005945206,-0.8402257561683655,0.5386499762535095,0,0.0000870000003487803,0.023878000676631927,0,1
B29,mixamorig_LeftHandPinky3,28,0.9964622855186462,-0.07960907369852066,-0.026898637413978577,0,0.08037252724170685,0.809564471244812,0.5813893675804138,0,-0.02452455274760723,-0.5814943909645081,0.813101053237915,0,0.000028000000384054147,0.01817299984395504,0,1
B30,mixamorig_LeftHandPinky4,29,1,0,0,0,0,1,0,0,0,0,1,0,-0.00011500000255182385,0.015614000149071217,0,1
B31,mixamorig_RightShoulder,3,0.03577284887433052,-0.010911192744970322,0.9992490410804749,0,-0.94252610206604,-0.3326273560523987,0.030107835307717323,0,0.3320547938346863,-0.9429944157600403,-0.02219441346824169,0,-0.056724000722169876,0.1342490017414093,-0.0012489999644458294,1
B32,mixamorig_RightArm,31,0.8988022208213806,-0.09057600051164627,-0.4223805367946625,0,0.2438182532787323,0.9130358695983887,0.32461148500442505,0,0.35652032494544983,-0.39757174253463745,0.8429791331291199,0,0,0.11925199627876282,0,1
B33,mixamorig_RightForeArm,32,-0.3824465274810791,-0.49041152000427246,0.7829360961914062,0,0.8180290460586548,-0.573154628276825,0.040579501539468765,0,0.42882299423217773,0.6559838056564331,0.6207756400108337,0,0,0.1984889954328537,0,1
B34,mixamorig_RightHand,33,0.923542857170105,0.0010301314759999514,-0.3819922208786011,0,-0.07990092784166336,0.9781136512756348,-0.19022510945796967,0,0.37387609481811523,0.20579499006271362,0.9040887355804443,0,0,0.27640900015830994,0,1
B35,mixamorig_RightHandThumb1,34,0.8630350232124329,-0.49827998876571655,-0.08299499750137329,0,0.49388599395751953,0.7978389859199524,0.3457300066947937,0,-0.10605300217866898,-0.33936700224876404,0.934656023979187,0,0.016894999891519547,0.01775600016117096,0.004414000082761049,1
B36,mixamorig_RightHandThumb2,35,0.8910456299781799,0.4464374780654907,0.07861026376485825,0,-0.45313289761543274,0.8746513724327087,0.17031721770763397,0,0.00745070306584239,-0.18718869984149933,0.9821794629096985,0,0.0029180001001805067,0.019708000123500824,0,1
B37,mixamorig_RightHandThumb3,36,0.8123818039894104,-0.5685294270515442,0.12939250469207764,0,0.5823798179626465,0.7803309559822083,-0.2277710884809494,0,0.028547657653689384,0.26042792201042175,0.9650561213493347,0,0.0009840000420808792,0.02503100037574768,0,1
B38,mixamorig_RightHandThumb4,37,1,0,0,0,0,1,0,0,0,0,1,0,-0.0039019999094307423,0.02382499910891056,0,1
B39,mixamorig_RightHandIndex1,34,0.9942421913146973,-0.09002571552991867,-0.05796021595597267,0,0.09634794294834137,0.5154864192008972,0.8513912558555603,0,-0.046793922781944275,-0.8520798683166504,0.5211894512176514,0,0.023641999810934067,0.07944600284099579,0.0017219999572262168,1
B40,mixamorig_RightHandIndex2,39,0.9967923760414124,0.07116860151290894,0.03661447390913963,0,-0.0691475123167038,0.5354257225990295,0.8417466282844543,0,0.040301863104104996,-0.8415777087211609,0.5386293530464172,0,-0.000058000001445179805,0.01935799978673458,0,1
B41,mixamorig_RightHandIndex3,40,0.9987913370132446,0.04666877165436745,0.015404769219458103,0,-0.04666877165436745,0.802401065826416,0.5949538946151733,0,0.015405615791678429,-0.5949538946151733,0.8036096692085266,0,0.000014000000192027073,0.01801699958741665,0,1
B42,mixamorig_RightHandIndex4,41,1,0,0,0,0,1,0,0,0,0,1,0,0.00004400000034365803,0.015348000451922417,0,1
B43,mixamorig_RightHandMiddle1,34,0.9968885779380798,-0.04039037600159645,-0.06763188540935516,0,0.07868743687868118,0.4702663719654083,0.8790050148963928,0,-0.003695826278999448,-0.8815982341766357,0.47198429703712463,0,0.007929000072181225,0.08501999825239182,-0.0009089999948628247,1
B44,mixamorig_RightHandMiddle2,43,0.9958574771881104,0.07508224248886108,0.051296964287757874,0,-0.07508224248886108,0.3607163727283478,0.9296483397483826,0,0.051296114921569824,-0.9296483397483826,0.36485975980758667,0,-0.000006000000212225132,0.01886500045657158,0,1
B45,mixamorig_RightHandMiddle3,44,0.9970878958702087,0.06719508022069931,0.03605770692229271,0,-0.06719508022069931,0.5506360530853271,0.8319950103759766,0,0.03605686128139496,-0.8319950103759766,0.5535481572151184,0,0.000028000000384054147,0.01728600077331066,0,1
B46,mixamorig_RightHandMiddle4,45,1,0,0,0,0,1,0,0,0,0,1,0,-0.000022000000171829015,0.013669000007212162,0,1
B47,mixamorig_RightHandRing1,34,0.9973710179328918,-0.010029553435742855,-0.0716991201043129,0,0.07183574140071869,0.2602232098579407,0.962863564491272,0,0.009008937515318394,-0.965491771697998,0.2602628469467163,0,-0.00817899964749813,0.08290699869394302,-0.0010939999483525753,1
B48,mixamorig_RightHandRing2,47,0.9953780174255371,0.07718122005462646,0.057147979736328125,0,-0.07718122005462646,0.28879988193511963,0.9542725682258606,0,0.057147979736328125,-0.9542725682258606,0.29342183470726013,0,-0.000029999999242136255,0.019832000136375427,0,1
B49,mixamorig_RightHandRing3,48,0.9981693625450134,0.056076403707265854,0.022629575803875923,0,-0.056076403707265854,0.7183699607849121,0.6933297514915466,0,0.022630423307418823,-0.6933298707008362,0.7201999425888062,0,0.000004999999873689376,0.018131999298930168,0,1
B50,mixamorig_RightHandRing4,49,1,0,0,0,0,1,0,0,0,0,1,0,0.00002499999936844688,0.015533999539911747,0,1
B51,mixamorig_RightHandPinky1,34,0.9991250038146973,0.0015526801580563188,-0.04169778525829315,0,0.0408661924302578,0.16584114730358124,0.9852960109710693,0,0.008454650640487671,-0.9861445426940918,0.16563552618026733,0,-0.023391999304294586,0.07482399791479111,0.0018769999733194709,1
B52,mixamorig_RightHandPinky2,51,0.9954547882080078,0.07482921332120895,0.058902282267808914,0,-0.07174742221832275,0.18260395526885986,0.9805641770362854,0,0.06261920928955078,-0.9803334474563599,0.1871422976255417,0,-0.000050999999075429514,0.022810999304056168,0,1
B53,mixamorig_RightHandPinky3,52,0.9965611696243286,0.0676424577832222,0.04785987734794617,0,-0.0676424577832222,0.33050790429115295,0.9413586258888245,0,0.04785987734794617,-0.9413586258888245,0.3339475393295288,0,0.000028000000384054147,0.01923000067472458,0,1
B54,mixamorig_RightHandPinky4,53,1,0,0,0,0,1,0,0,0,0,1,0,0.00002300000051036477,0.017090000212192535,0,1
B55,mixamorig_LeftUpLeg,0,-0.9995356202125549,0.02750753052532673,0.007228898350149393,0,0.003466985421255231,-0.14598426222801208,0.9884920716285706,0,0.027983736246824265,0.9881184101104736,0.14577223360538483,0,0.08713100105524063,-0.05647600069642067,-0.009061000309884548,1
B56,mixamorig_LeftLeg,55,0.998733401298523,-0.02089913934469223,0.044851962476968765,0,0.04883556813001633,0.4553312659263611,-0.8852131962776184,0,-0.0025108542758971453,0.8863599300384521,0.4557376801967621,0,0,0.45840200781822205,0,1
B57,mixamorig_LeftFoot,56,0.9762621521949768,-0.12194879353046417,0.17711655795574188,0,-0.12736470997333527,0.33341097831726074,0.9339463114738464,0,-0.1728459596633911,-0.9343488812446594,0.31020331382751465,0,0,0.4031420052051544,0,1
B58,mixamorig_LeftToeBase,57,0.9997739791870117,-0.02124447375535965,-0.0003185439854860306,0,0.01972540095448494,0.9226219654083252,0.38518205285072327,0,-0.007889310829341412,-0.3851010799407959,0.9228325486183167,0,0,0.117576003074646,0,1
B59,mixamorig_LeftToe_End,58,1,0,0,0,0,1,0,0,0,0,1,0,0,0.045504000037908554,0,1
B60,mixamorig_RightUpLeg,0,-0.9861177206039429,0.11067358404397964,-0.11978399008512497,0,-0.07115831226110458,-0.9530763030052185,-0.2933140993118286,0,-0.1468348354101181,-0.28037068247795105,0.9483034014701843,0,-0.08713100105524063,-0.05647600069642067,-0.009465999901294708,1
B61,mixamorig_RightLeg,60,0.9946426153182983,0.02528897114098072,0.09147576987743378,0,0.020646948367357254,0.8942026495933533,-0.4257168471813202,0,-0.09617888182401657,0.42479076981544495,0.8895378708839417,0,0,0.45840999484062195,0,1
B62,mixamorig_RightFoot,61,0.9489699602127075,0.24104787409305573,-0.20320038497447968,0,0.047176819294691086,0.5286918878555298,0.8469526171684265,0,0.3117973804473877,-0.8132956624031067,0.4903433620929718,0,0,0.4031270146369934,0,1
B63,mixamorig_RightToeBase,62,0.9994959831237793,0.03070783242583275,-0.007379443850368261,0,-0.024177279323339462,0.8957167863845825,0.4434776306152344,0,0.02023991011083126,-0.4430736005306244,0.8960078954696655,0,0,0.11628600209951401,0,1
B64,mixamorig_RightToe_End,63,1,0,0,0,0,1,0,0,0,0,1,0,0,0.04585700109601021,0,1
@52,0,1,2,3,4,5,7,8,9,10,11,12,13,15,16,17,19,20,21,23,24,25,27,28,29,31,32,33,34,35,36,37,39,40,41,43,44,45,47,48,49,51,52,53,55,56,57,58,60,61,62,63
K0.000,0.9514179825782776,-0.15679599344730377,0.2649880051612854,0,0.04943099990487099,0.9272440075874329,0.37118101119995117,0,-0.3039090037345886,-0.34004899859428406,0.8899469971656799,0,-0.0013830000534653664,0.8090980052947998,-0.0016329999780282378,1,0.9792900085449219,0.061810001730918884,-0.19279499351978302,0,-0.02181899920105934,0.9789320230484009,0.20301799476146698,0,0.20128199458122253,-0.1946060061454773,0.9600070118904114,0,0,0.10156600177288055,-0.00623599998652935,1,0.998511016368866,0.016798000782728195,-0.05190100148320198,0,-0.015758000314235687,0.9996680021286011,0.020383000373840332,0,0.052225999534130096,-0.019533999264240265,0.9984440207481384,0,0,0.1187169998884201,0,1,0.9985520243644714,0.0164170004427433,-0.051224999129772186,0,-0.0153590003028512,0.9996619820594788,0.020975999534130096,0,0.051552001386880875,-0.020159000530838966,0.9984670281410217,0,0,0.13567699491977692,0,1,0.9992690086364746,0.025743000209331512,0.02824999950826168,0,-0.02375900000333786,0.9973729848861694,-0.06843400001525879,0,-0.029937999323010445,0.06771200150251389,0.9972559809684753,0,0,0.15263600647449493,0,1,0.9948019981384277,-0.0925770029425621,-0.042410001158714294,0,0.06650599837303162,0.9060720205307007,-0.41786301136016846,0,0.07711099833250046,0.41287100315093994,0.9075199961662292,0,0,0.04138899967074394,0.018766000866889954,1,-0.06809200346469879,0.011889999732375145,-0.9976080060005188,0,0.9655640125274658,-0.2508789896965027,-0.06889499723911285,0,-0.25109800696372986,-0.9679459929466248,0.005601999815553427,0,0.056724000722169876,0.13423499464988708,-0.0010100000072270632,1,0.6727390289306641,-0.3389509916305542,-0.6576740145683289,0,0.7365630269050598,0.3908950090408325,0.5519750118255615,0,0.06998900324106216,-0.8557530045509338,0.512628972530365,0,0,0.11925199627876282,0,1,0.21087700128555298,0.5447490215301514,-0.8116520047187805,0,-0.9101759791374207,0.41226500272750854,0.04022200033068657,0,0.3565270006656647,0.7302640080451965,0.5827540159225464,0,0,0.1984899938106537,0,1,0.7625179886817932,0.11479999870061874,0.6366999745368958,0,0.1340560019016266,0.9347370266914368,-0.32908400893211365,0,-0.6329259872436523,0.3362860083580017,0.6973639726638794,0,0,0.27636200189590454,0,1,0.8687340021133423,0.48327600955963135,-0.1083810031414032,0,-0.47386398911476135,0.8746770024299622,0.10194399952888489,0,0.1440649926662445,-0.03720400109887123,0.9888690114021301,0,-0.01856900006532669,0.01889199949800968,0.005654000211507082,1,0.9578559994697571,-0.2761250138282776,0.07917000353336334,0,0.24330399930477142,0.9264000058174133,0.2873780131340027,0,-0.15269599854946136,-0.2560040056705475,0.9545400142669678,0,-0.003739000065252185,0.021344000473618507,0,1,0.8462499976158142,0.4449869990348816,-0.2929989993572235,0,-0.5191100239753723,0.8124539852142334,-0.26541200280189514,0,0.11994300037622452,0.37670400738716125,0.9185360074043274,0,0.0007280000136233866,0.023693999275565147,0,1,0.9620580077171326,0.2643299996852875,0.06763099879026413,0,-0.2637839913368225,0.8377310037612915,0.4781470000743866,0,0.06973200291395187,-0.4778459966182709,0.8756719827651978,0,-0.02429099939763546,0.08629400283098221,0.0008520000264979899,1,0.9872580170631409,-0.12519200146198273,-0.09822700172662735,0,0.12093900144100189,0.18912899494171143,0.9744759798049927,0,-0.1034189984202385,-0.9739390015602112,0.2018599957227707,0,0.0000940000027185306,0.017405999824404716,0,1,0.9973679780960083,-0.06962300091981888,-0.020239999517798424,0,0.0703049972653389,0.8604009747505188,0.5047439932823181,0,-0.017727000638842583,-0.5048390030860901,0.8630319833755493,0,0.000007999999979801942,0.01588599942624569,0,1,0.9954749941825867,0.0629120022058487,0.07121499627828598,0,-0.0950239971280098,0.6596559882164001,0.7455369830131531,0,-0.00007400000322377309,-0.7489299774169922,0.6626489758491516,0,-0.008290000259876251,0.08684699982404709,-0.0002610000083222985,1,0.9908139705657959,-0.11352799832820892,-0.07348000258207321,0,0.11352799832820892,0.40304699540138245,0.9081100225448608,0,-0.07348000258207321,-0.9081100225448608,0.41223299503326416,0,0.000048999998398358,0.01811699941754341,0,1,0.9974150061607361,-0.06881099939346313,-0.020673999562859535,0,0.06881099939346313,0.8320459723472595,0.5504209995269775,0,-0.020673999562859535,-0.5504209995269775,0.8346310257911682,0,-0.00004999999873689376,0.016178999096155167,0,1,0.9979389905929565,0.03238900005817413,0.05538799986243248,0,-0.06356299668550491,0.6167889833450317,0.7845579981803894,0,-0.008751999586820602,-0.7864620089530945,0.6175770163536072,0,0.007581000216305256,0.08309199661016464,-0.001474000047892332,1,0.98716801404953,-0.1253499984741211,-0.0989300012588501,0,0.1253499984741211,0.22446100413799286,0.9663869738578796,0,-0.09893099963665009,-0.9663869738578796,0.23729300498962402,0,-0.000003999999989900971,0.01862799935042858,0,1,0.9979429841041565,-0.06211499869823456,-0.015859000384807587,0,0.06211499869823456,0.87568199634552,0.478875994682312,0,-0.01585800014436245,-0.478875994682312,0.8777390122413635,0,-0.00004099999932805076,0.0182499997317791,0,1,0.9997159838676453,-0.0011820000363513827,0.023814000189304352,0,-0.01941799931228161,0.5391849875450134,0.841962993144989,0,-0.0138349998742342,-0.8421859741210938,0.5390089750289917,0,0.02500000037252903,0.0759579986333847,0.00005199999941396527,1,0.9921370148658752,-0.11076000332832336,-0.058285001665353775,0,0.10892300307750702,0.5347129702568054,0.8379849791526794,0,-0.061650000512599945,-0.8377439975738525,0.542572021484375,0,0.0000870000003487803,0.023878000676631927,0,1,0.9968019723892212,-0.07615199685096741,-0.02422799915075302,0,0.07681100070476532,0.8293700218200684,0.5533949732780457,0,-0.022048000246286392,-0.5534859895706177,0.8325660228729248,0,0.000028000000384054147,0.01817299984395504,0,1,0.1557130068540573,-0.00108299998100847,0.9878020286560059,0,-0.9172250032424927,-0.3713639974594116,0.1441809982061386,0,0.36667799949645996,-0.9284870028495789,-0.058820001780986786,0,-0.056724000722169876,0.1342490017414093,-0.0012489999644458294,1,0.8708270192146301,-0.3053179979324341,-0.3852800130844116,0,0.47516998648643494,0.7236570119857788,0.5005329847335815,0,0.12598900496959686,-0.6189519762992859,0.7752580046653748,0,0,0.11925199627876282,0,1,-0.1578039973974228,-0.5869709849357605,0.7940800189971924,0,0.9790949821472168,-0.1975180059671402,0.048569001257419586,0,0.12833699584007263,0.7851439714431763,0.6058700084686279,0,0,0.1984889954328537,0,1,0.9453999996185303,-0.07260599732398987,-0.31772100925445557,0,0.007565999869257212,0.9794960021972656,-0.20132100582122803,0,0.32582300901412964,0.18792499601840973,0.9265649914741516,0,0,0.27640900015830994,0,1,0.8630350232124329,-0.49827998876571655,-0.08299499750137329,0,0.49388599395751953,0.7978389859199524,0.3457300066947937,0,-0.10605300217866898,-0.33936700224876404,0.934656023979187,0,0.016894999891519547,0.01775600016117096,0.004414000082761049,1,0.9269629716873169,0.3629019856452942,0.09509299695491791,0,-0.3729360103607178,0.9189109802246094,0.12853899598121643,0,-0.040734998881816864,-0.15461400151252747,0.9871349930763245,0,0.0029180001001805067,0.019708000123500824,0,1,0.8338689804077148,-0.5472469925880432,0.07198800146579742,0,0.5480890274047852,0.8055239915847778,-0.22522999346256256,0,0.06526800245046616,0.22726799547672272,0.9716429710388184,0,0.0009840000420808792,0.02503100037574768,0,1,0.99413001537323,-0.06943000108003616,-0.08297500014305115,0,0.10640499740839005,0.4886449873447418,0.8659700155258179,0,-0.019579000771045685,-0.8697159886360168,0.4931640028953552,0,0.023641999810934067,0.07944600284099579,0.0017219999572262168,1,0.9964789748191833,0.07344599813222885,0.04042999818921089,0,-0.07118599861860275,0.4864720106124878,0.8707910180091858,0,0.04428799822926521,-0.8706039786338806,0.4899879992008209,0,-0.000058000001445179805,0.01935799978673458,0,1,0.9989010095596313,0.04473299905657768,0.014014000073075294,0,-0.04473299905657768,0.8202400207519531,0.5702679753303528,0,0.014014000073075294,-0.5702679753303528,0.8213390111923218,0,0.000014000000192027073,0.01801699958741665,0,1,0.9973629713058472,-0.03547599911689758,-0.06331700086593628,0,0.0725260004401207,0.45396101474761963,0.888064980506897,0,-0.0027620000764727592,-0.8903149962425232,0.4553360044956207,0,0.007929000072181225,0.08501999825239182,-0.0009089999948628247,1,0.9955329895019531,0.07651499658823013,0.055302999913692474,0,-0.07651600241661072,0.3107840120792389,0.9473959803581238,0,0.055302999913692474,-0.9473959803581238,0.3152509927749634,0,-0.000006000000212225132,0.01886500045657158,0,1,0.9972230195999146,0.06605599820613861,0.03437799960374832,0,-0.0660569965839386,0.5715619921684265,0.8178960084915161,0,0.03437799960374832,-0.8178960084915161,0.5743380188941956,0,0.000028000000384054147,0.01728600077331066,0,1,0.9959880113601685,-0.00929499976336956,-0.08900599926710129,0,0.08879899978637695,0.22602799534797668,0.9700649976730347,0,0.011102000251412392,-0.974075973033905,0.22594699263572693,0,-0.00817899964749813,0.08290699869394302,-0.0010939999483525753,1,0.9948800206184387,0.07878100126981735,0.06330499798059464,0,-0.07878100126981735,0.2121729999780655,0.9740509986877441,0,0.06330499798059464,-0.9740509986877441,0.21729299426078796,0,-0.000029999999242136255,0.019832000136375427,0,1,0.998166024684906,0.056129999458789825,0.022677000612020493,0,-0.056129999458789825,0.7177879810333252,0.6939949989318848,0,0.022677000612020493,-0.6939949989318848,0.719622015953064,0,0.000004999999873689376,0.018131999298930168,0,1,0.9991639852523804,0.002643000101670623,-0.04079600051045418,0,0.03995300084352493,0.14838899672031403,0.9881219863891602,0,0.008666000328958035,-0.9889259934425354,0.148158997297287,0,-0.023391999304294586,0.07482399791479111,0.0018769999733194709,1,0.995294988155365,0.07520200312137604,0.061096999794244766,0,-0.0719899982213974,0.15189999341964722,0.9857710003852844,0,0.06485199928283691,-0.9855309724807739,0.1565999984741211,0,-0.000050999999075429514,0.022810999304056168,0,1,0.9965019822120667,0.0679280012845993,0.048684000968933105,0,-0.0679280012845993,0.31898099184036255,0.9453240036964417,0,0.048684000968933105,-0.9453240036964417,0.3224799931049347,0,0.000028000000384054147,0.01923000067472458,0,1,-0.9286999702453613,-0.15394699573516846,0.3373660147190094,0,0.37019601464271545,-0.4380919933319092,0.819163978099823,0,0.021688999608159065,0.8856499791145325,0.46384701132774353,0,0.08713100105524063,-0.05647600069642067,-0.009061000309884548,1,0.9977970123291016,-0.05454900115728378,0.03775700181722641,0,-0.0014420000370591879,-0.5868319869041443,-0.80970698595047,0,0.06632599979639053,0.807869017124176,-0.5856180191040039,0,0,0.45840200781822205,0,1,0.9593799710273743,0.18573400378227234,0.212349995970726,0,-0.22582599520683289,0.054441001266241074,0.9726449847221375,0,0.16909199953079224,-0.9810910224914551,0.09417299926280975,0,0,0.4031420052051544,0,1,0.9994320273399353,-0.030796000733971596,0.01371300034224987,0,0.020421000197529793,0.8767250180244446,0.48055699467658997,0,-0.026822000741958618,-0.4800040125846863,0.8768560290336609,0,0,0.117576003074646,0,1,-0.999426007270813,-0.024636000394821167,0.023257000371813774,0,0.03249000012874603,-0.8915119767189026,0.45183101296424866,0,0.009603000245988369,0.45232701301574707,0.8918009996414185,0,-0.08713100105524063,-0.05647600069642067,-0.009465999901294708,1,0.9877380132675171,0.11997800320386887,0.09989199787378311,0,0.020617999136447906,0.5339959859848022,-0.8452349901199341,0,-0.1547520011663437,0.8369309902191162,0.5249750018119812,0,0,0.45840999484062195,0,1,0.9833899736404419,0.1376190036535263,-0.11834199726581573,0,0.1508290022611618,-0.2569020092487335,0.9545950293540955,0,0.10096800327301025,-0.9565889835357666,-0.2733910083770752,0,0,0.4031270146369934,0,1,0.9987409710884094,0.044176001101732254,-0.023756999522447586,0,-0.02338399924337864,0.8291000127792358,0.5586109757423401,0,0.044374000281095505,-0.5573520064353943,0.8290899991989136,0,0,0.11628600209951401,0,1
K0.033,0.9668461680412292,-0.07739000022411346,0.24334926903247833,0,-0.015544704161584377,0.9333648681640625,0.3585911691188812,0,-0.2548849582672119,-0.35048535466194153,0.9012181162834167,0,0.0032200198620557785,0.8168061375617981,-0.005242967512458563,1,0.9652768969535828,-0.004110800568014383,-0.2611962556838989,0,0.050946712493896484,0.9836390018463135,0.17279744148254395,0,0.25621217489242554,-0.18010367453098297,0.9496930241584778,0,0,0.10156600177288055,-0.00623599998652935,1,0.9974690079689026,0.006391881033778191,-0.07082007825374603,0,-0.005313883535563946,0.9998670220375061,0.015401956625282764,0,0.07090907543897629,-0.014985964633524418,0.9973700046539307,0,0,0.1187169998884201,0,1,0.9974960088729858,0.006065883208066225,-0.07046607881784439,0,-0.004964884836226702,0.9998630285263062,0.015792950987815857,0,0.07055208086967468,-0.015402959659695625,0.997389018535614,0,0,0.13567699491977692,0,1,0.9990400075912476,0.015541878528892994,0.040957096964120865,0,-0.012633872218430042,0.9974430203437805,-0.07034199684858322,0,-0.041946087032556534,0.06975700706243515,0.9966819882392883,0,0,0.15263600647449493,0,1,0.9953818321228027,-0.03901345655322075,0.08770523220300674,0,0.07068388909101486,0.9160872101783752,-0.39469948410987854,0,-0.06494738161563873,0.3990764915943146,0.9146140217781067,0,0,0.04138899967074394,0.018766000866889954,1,-0.07294146716594696,0.009500989690423012,-0.9972910284996033,0,0.9733680486679077,-0.21722884476184845,-0.07326146960258484,0,-0.21733585000038147,-0.9760740399360657,0.006596890278160572,0,0.056724000722169876,0.13423499464988708,-0.0010100000072270632,1,0.5359048843383789,-0.4283619523048401,-0.7275381088256836,0,0.834633469581604,0.39867711067199707,0.38005736470222473,0,0.12725062668323517,-0.8109023571014404,0.5711776614189148,0,0,0.11925199627876282,0,1,0.14460034668445587,0.570138156414032,-0.808722972869873,0,-0.9525952935218811,0.3013128936290741,0.04209700971841812,0,0.2676790952682495,0.764299213886261,0.586681067943573,0,0,0.1984899938106537,0,1,0.7541378736495972,0.11442898213863373,0.6466701626777649,0,0.13577769696712494,0.9362581968307495,-0.3240135908126831,0,-0.6425261497497559,0.33215445280075073,0.6905310750007629,0,0,0.27636200189590454,0,1,0.8687340021133423,0.48327600955963135,-0.1083810031414032,0,-0.47386398911476135,0.8746770024299622,0.1019430011510849,0,0.1440649926662445,-0.03720400109887123,0.9888690114021301,0,-0.01856900006532669,0.01889199949800968,0.005654000211507082,1,0.958512008190155,-0.2740229070186615,0.07852298021316528,0,0.24157392978668213,0.9271150827407837,0.2865309715270996,0,-0.15131594240665436,-0.25567397475242615,0.9548479914665222,0,-0.003739000065252185,0.021344000473618507,0,1,0.8541348576545715,0.4409700632095337,-0.27567923069000244,0,-0.5077041983604431,0.821881890296936,-0.2583540976047516,0,0.11265010386705399,0.3606332242488861,0.9258798956871033,0,0.0007280000136233866,0.023693999275565147,0,1,0.9611459970474243,0.269442081451416,0.059999749064445496,0,-0.2654050290584564,0.8422613143920898,0.4692084491252899,0,0.07588909566402435,-0.46690240502357483,0.8810462951660156,0,-0.02429099939763546,0.08629400283098221,0.0008520000264979899,1,0.9869130253791809,-0.1256980001926422,-0.10100502520799637,0,0.12131500244140625,0.16613681614398956,0.9786120057106018,0,-0.1062290221452713,-0.9780589938163757,0.17921182513237,0,0.0000940000027185306,0.017405999824404716,0,1,0.9973729848861694,-0.06956200301647186,-0.020198998972773552,0,0.0702420026063919,0.8607069849967957,0.5042319893836975,0,-0.01768999733030796,-0.5043259859085083,0.8633319735527039,0,0.000007999999979801942,0.01588599942624569,0,1,0.9943240284919739,0.06992816925048828,0.08018714934587479,0,-0.10639522224664688,0.654707133769989,0.748357892036438,0,-0.0001669869088800624,-0.7526409029960632,0.6584311127662659,0,-0.008290000259876251,0.08684699982404709,-0.0002610000083222985,1,0.9907169938087463,-0.11387000232934952,-0.07425900548696518,0,0.11387000232934952,0.39671993255615234,0.9108499884605408,0,-0.07425900548696518,-0.9108499884605408,0.406002938747406,0,0.000048999998398358,0.01811699941754341,0,1,0.9973980188369751,-0.06901900470256805,-0.020812002941966057,0,0.06901900470256805,0.830924928188324,0.5520870685577393,0,-0.020812002941966057,-0.5520870685577393,0.8335269689559937,0,-0.00004999999873689376,0.016178999096155167,0,1,0.9978020191192627,0.03458100184798241,0.056530989706516266,0,-0.06575498729944229,0.6226220726966858,0.7797549366950989,0,-0.008232995867729187,-0.7817579507827759,0.6235270500183105,0,0.007581000216305256,0.08309199661016464,-0.001474000047892332,1,0.9868990182876587,-0.12581300735473633,-0.1010030061006546,0,0.12581300735473633,0.2082139104604721,0.9699580073356628,0,-0.1010030061006546,-0.9699580073356628,0.2213149070739746,0,-0.000003999999989900971,0.01862799935042858,0,1,0.9979820251464844,-0.06155700236558914,-0.0155550017952919,0,0.06155700236558914,0.8780620098114014,0.47457101941108704,0,-0.0155550017952919,-0.47457101941108704,0.880079984664917,0,-0.00004099999932805076,0.0182499997317791,0,1,0.9996140003204346,0.003411930287256837,0.027581946924328804,0,-0.02485192008316517,0.5540000200271606,0.8321459889411926,0,-0.012441028840839863,-0.8325099945068359,0.5538709759712219,0,0.02500000037252903,0.0759579986333847,0.00005199999941396527,1,0.99201899766922,-0.1113319993019104,-0.05919000133872032,0,0.10946600139141083,0.5274800062179565,0.8424850106239319,0,-0.06257399916648865,-0.8422409892082214,0.5354580283164978,0,0.0000870000003487803,0.023878000676631927,0,1,0.9967979788780212,-0.07618899643421173,-0.02425600215792656,0,0.07684899866580963,0.8291659951210022,0.553695023059845,0,-0.02207300253212452,-0.5537869930267334,0.8323659896850586,0,0.000028000000384054147,0.01817299984395504,0,1,0.1279434859752655,-0.005098030902445316,0.9917680621147156,0,-0.9408721923828125,-0.31688961386680603,0.1197495311498642,0,0.31367063522338867,-0.9484491348266602,-0.04534084349870682,0,-0.056724000722169876,0.1342490017414093,-0.0012489999644458294,1,0.8146340847015381,-0.33573758602142334,-0.47291865944862366,0,0.5355729460716248,0.7483798265457153,0.3912656009197235,0,0.2225605547428131,-0.5720205307006836,0.7894677519798279,0,0,0.11925199627876282,0,1,-0.2276400476694107,-0.5684255361557007,0.7906159162521362,0,0.9481592178344727,-0.3142947554588318,0.04703396186232567,0,0.2217503935098648,0.7603363990783691,0.6105040311813354,0,0,0.1984889954328537,0,1,0.9642637968063354,0.1530158519744873,-0.21629010140895844,0,-0.2458832561969757,0.8208778500556946,-0.515460729598999,0,0.09867382794618607,0.5502227544784546,0.8291673064231873,0,0,0.27640900015830994,0,1,0.8630350232124329,-0.49827900528907776,-0.08299499750137329,0,0.49388599395751953,0.7978389859199524,0.3457300066947937,0,-0.10605300217866898,-0.33936700224876404,0.934656023979187,0,0.016894999891519547,0.01775600016117096,0.004414000082761049,1,0.9324539303779602,0.3483642041683197,0.0957689881324768,0,-0.35830122232437134,0.9256808757781982,0.12138710170984268,0,-0.046363912522792816,-0.1475021094083786,0.9879739880561829,0,0.0029180001001805067,0.019708000123500824,0,1,0.8352339267730713,-0.5454440712928772,0.06982618570327759,0,0.5458291172981262,0.8069319128990173,-0.22568203508853912,0,0.0667518824338913,0.22661012411117554,0.9716950058937073,0,0.0009840000420808792,0.02503100037574768,0,1,0.9928820133209229,-0.07765001803636551,-0.09030991047620773,0,0.11599893122911453,0.4584881067276001,0.8810979127883911,0,-0.027011040598154068,-0.885301947593689,0.46423211693763733,0,0.023641999810934067,0.07944600284099579,0.0017219999572262168,1,0.9964839816093445,0.07341199368238449,0.04036898538470268,0,-0.07115599513053894,0.48724719882011414,0.8703598976135254,0,0.04422498494386673,-0.8701728582382202,0.4907582104206085,0,-0.000058000001445179805,0.01935799978673458,0,1,0.9988920092582703,0.044884007424116135,0.014120004139840603,0,-0.044884007424116135,0.8188889622688293,0.5721940398216248,0,0.014120004139840603,-0.5721940398216248,0.8199969530105591,0,0.000014000000192027073,0.01801699958741665,0,1,0.999301016330719,-0.01820509508252144,-0.03264015167951584,0,0.03732818365097046,0.4432111084461212,0.895639955997467,0,-0.001839008298702538,-0.8962319493293762,0.44358113408088684,0,0.007929000072181225,0.08501999825239182,-0.0009089999948628247,1,0.9956169724464417,0.07616699486970901,0.05426298826932907,0,-0.07616699486970901,0.32374313473701477,0.9430739283561707,0,0.05426298826932907,-0.9430739283561707,0.3281261622905731,0,-0.000006000000212225132,0.01886500045657158,0,1,0.9971749782562256,0.06647100299596786,0.03497700393199921,0,-0.06647100299596786,0.5640979409217834,0.823028028011322,0,0.03497700393199921,-0.823028028011322,0.5669229626655579,0,0.000028000000384054147,0.01728600077331066,0,1,0.9954059720039368,-0.01403096690773964,-0.09470785409212112,0,0.09524884819984436,0.2453630417585373,0.9647409915924072,0,0.00970199890434742,-0.9693300127983093,0.2455720454454422,0,-0.00817899964749813,0.08290699869394302,-0.0010939999483525753,1,0.9946950078010559,0.07924399524927139,0.06558896601200104,0,-0.07924399524927139,0.18374843895435333,0.9797738790512085,0,0.06558896601200104,-0.9797738790512085,0.18905343115329742,0,-0.000029999999242136255,0.019832000136375427,0,1,0.9981229901313782,0.056675996631383896,0.02320999652147293,0,-0.056675996631383896,0.7111590504646301,0.7007419466972351,0,0.02320999652147293,-0.7007419466972351,0.7130370736122131,0,0.000004999999873689376,0.018131999298930168,0,1,0.998865008354187,0.00016002941993065178,-0.047633931040763855,0,0.04699592664837837,0.15992295742034912,0.9860100150108337,0,0.007776015903800726,-0.9871289730072021,0.15973395109176636,0,-0.023391999304294586,0.07482399791479111,0.0018769999733194709,1,0.9950870275497437,0.07558300346136093,0.06395097821950912,0,-0.07219900190830231,0.11197232455015182,0.9910849332809448,0,0.06774897873401642,-0.9908329248428345,0.11687932908535004,0,-0.000050999999075429514,0.022810999304056168,0,1,0.9964600205421448,0.06812100112438202,0.0492669939994812,0,-0.06812100112438202,0.3108361065387726,0.9480189681053162,0,0.049265991896390915,-0.9480189681053162,0.3143761157989502,0,0.000028000000384054147,0.01923000067472458,0,1,-0.948624312877655,-0.05943002551794052,0.3107718527317047,0,0.3158957362174988,-0.23351475596427917,0.9196085333824158,0,0.017917411401867867,0.9705352187156677,0.24029159545898438,0,0.08713100105524063,-0.05647600069642067,-0.009061000309884548,1,0.9946399927139282,-0.08879688382148743,0.05297381058335304,0,0.005829105153679848,-0.46335554122924805,-0.8861529231071472,0,0.10323279350996017,0.8817119002342224,-0.4603545367717743,0,0,0.45840200781822205,0,1,0.9562051892280579,0.19533714652061462,0.21798081696033478,0,-0.2341558039188385,0.06366078555583954,0.9701129198074341,0,0.17562203109264374,-0.9786680340766907,0.10661254823207855,0,0,0.4031420052051544,0,1,0.9997940063476562,-0.020163007080554962,-0.002127986866980791,0,0.01950100250542164,0.9276149272918701,0.37302809953689575,0,-0.005548016633838415,-0.3729930818080902,0.9278179407119751,0,0,0.117576003074646,0,1,-0.9937297105789185,0.08721815794706345,-0.06995393335819244,0,-0.10030096769332886,-0.9718650579452515,0.21311138570308685,0,-0.04939819499850273,0.2187916785478592,0.9745201468467712,0,-0.08713100105524063,-0.05647600069642067,-0.009465999901294708,1,0.9813960194587708,0.0954086109995842,0.16661225259304047,0,0.049539823085069656,0.7125698924064636,-0.6998493075370789,0,-0.18549512326717377,0.6950833201408386,0.6945868730545044,0,0,0.45840999484062195,0,1,0.9857028722763062,0.13763616979122162,-0.09719164669513702,0,0.11014798283576965,-0.0898670107126236,0.9898435473442078,0,0.1275036633014679,-0.9863965511322021,-0.10374211519956589,0,0,0.4031270146369934,0,1,0.9963039755821228,0.07183913886547089,-0.047092095017433167,0,-0.014574960805475712,0.6816624999046326,0.7315214276313782,0,0.08465217798948288,-0.7281314134597778,0.6801905035972595,0,0,0.11628600209951401,0,1
