1.967,30,59,65
B0,mixamorig_Hips,-1,0.729193389415741,0.003896573791280389,0.6842965483665466,0,0.050593819469213486,0.9969397187232971,-0.05959005653858185,0,-0.6824353933334351,0.07807333022356033,0.7267648577690125,0,0.0008743996731936932,0.7551364898681641,-0.00616319989785552,1
B1,mixamorig_Spine,0,0.99652099609375,-0.014812648296356201,-0.08201638609170914,0,0.014264686033129692,0.9998720288276672,-0.007258992176502943,0,0.08211319148540497,0.0060637881979346275,0.9966042041778564,0,0,0.11216100305318832,-0.012102999724447727,1
B2,mixamorig_Spine1,1,0.98618483543396,-0.002685928251594305,-0.16562601923942566,0,0.03586626425385475,0.9796110391616821,0.1976749747991562,0,0.16171795129776,-0.20088401436805725,0.9661742448806763,0,0,0.13161399960517883,0,1
B3,mixamorig_Spine2,2,0.98618483543396,-0.002685928251594305,-0.16562582552433014,0,0.03586626425385475,0.9796110391616821,0.1976749747991562,0,0.16171875596046448,-0.20088380575180054,0.9661742448806763,0,0,0.15041600167751312,0,1
B4,mixamorig_Neck,3,0.9997450113296509,0.002537480089813471,0.02242864854633808,0,-0.003294589463621378,0.9994233250617981,0.03380260244011879,0,-0.0223306305706501,-0.033867623656988144,0.999176561832428,0,0,0.1692180037498474,0,1
B5,mixamorig_Head,4,0.9373431205749512,-0.043795395642519,-0.34564441442489624,0,0.005881174933165312,0.993915855884552,-0.1099853590130806,0,0.3483583629131317,0.10106048732995987,0.9318972826004028,0,0,0.11665599793195724,0.0029380000196397305,1
B6,mixamorig_HeadTop_End,5,1,0,0,0,0,1,0,0,0,0,1,0,0,0.21303200721740723,0.005365000106394291,1
B7,mixamorig_LeftShoulder,3,-0.20117413997650146,-0.00883562583476305,-0.9795153141021729,0,0.8771433234214783,-0.44676801562309265,-0.1761191487312317,0,-0.4360605776309967,-0.8946061730384827,0.09762860089540482,0,0.051966000348329544,0.13118299841880798,-0.012628999538719654,1
B8,mixamorig_LeftArm,7,0.9630385041236877,0.013719875365495682,0.26901328563690186,0,-0.15659300982952118,0.8411164283752441,0.5176887512207031,0,-0.219168558716774,-0.5406804084777832,0.8121762275695801,0,0,0.1336829960346222,0,1
B9,mixamorig_LeftForeArm,8,0.683911144733429,0.7180840969085693,0.12892106175422668,0,-0.7290896773338318,0.6663270592689514,0.15632477402687073,0,0.026350313797593117,-0.20090684294700623,0.9792559146881104,0,0,0.22105200588703156,0,1
B10,mixamorig_LeftHand,9,0.8629017472267151,-0.0607890784740448,-0.5017015933990479,0,-0.0965053141117096,0.9546496868133545,-0.2816550135612488,0,0.49607154726982117,0.29145753383636475,0.8179029226303101,0,0,0.17756600677967072,0,1
B11,mixamorig_LeftHandThumb1,10,0.8345951437950134,0.5507752299308777,-0.00990371685475111,0,-0.45022299885749817,0.6923658847808838,0.5638510584831238,0,0.31741252541542053,-0.4661290943622589,0.8258163332939148,0,-0.016126999631524086,0.05376400053501129,0.015052000060677528,1
B12,mixamorig_LeftHandThumb2,11,0.958428144454956,-0.2850622236728668,0.012419615872204304,0,0.28520387411117554,0.958395779132843,-0.011685680598020554,0,-0.008572407066822052,0.014741513878107071,0.9998543858528137,0,0.0035500000230968,0.04635600000619888,0,1
B13,mixamorig_LeftHandThumb3,12,0.9354379773139954,0.35349100828170776,0.0006539999740198255,0,-0.35349100828170776,0.9354379773139954,-0.00009899999713525176,0,-0.0006469999789260328,-0.00013899999612476677,1,0,-0.0074280002154409885,0.03454999998211861,0,1
B14,mixamorig_LeftHandThumb4,13,1,0,0,0,0,1,0,0,0,0,1,0,0.003877999959513545,0.025716999545693398,0,1
B15,mixamorig_LeftHandIndex1,10,0.9792144298553467,0.20239387452602386,0.013280407525599003,0,-0.2026582509279251,0.9789763689041138,0.023134909570217133,0,-0.00831836648285389,-0.025344986468553543,0.9996444582939148,0,-0.031122999265789986,0.14032800495624542,0.000037000001611886546,1
B16,mixamorig_LeftHandIndex2,15,0.9999729990959167,0.005014682654291391,-0.0053277588449418545,0,-0.003299516858533025,0.9589768052101135,0.2834644019603729,0,0.0065305172465741634,-0.2834385931491852,0.9589678049087524,0,-0.00010399999882793054,0.025721000507473946,0,1
B17,mixamorig_LeftHandIndex3,16,0.9999889731407166,0.004672999959439039,0.0005000000237487257,0,-0.004672999959439039,0.9999889731407166,-0.000003000000106112566,0,-0.0005000000237487257,9.999999974752427e-7,1,0,-0.000024000000848900527,0.024692000821232796,0,1
B18,mixamorig_LeftHandIndex4,17,1,0,0,0,0,1,0,0,0,0,1,0,0.0001289999927394092,0.02144699916243553,0,1
B19,mixamorig_LeftHandMiddle1,10,0.9965982437133789,-0.06752579659223557,-0.04724569618701935,0,0.07591962814331055,0.9752746224403381,0.20754671096801758,0,0.032063137739896774,-0.21042762696743011,0.977083683013916,0,-0.01348899956792593,0.14750300347805023,-0.005807000212371349,1
B20,mixamorig_LeftHandMiddle2,19,0.9995239973068237,0.029107553884387016,0.010224370285868645,0,-0.030821146443486214,0.9274164438247681,0.3727593719959259,0,0.001368388650007546,-0.37289637327194214,0.9278716444969177,0,-0.000045000000682193786,0.030094999819993973,0,1
B21,mixamorig_LeftHandMiddle3,20,0.9999939799308777,-0.003533796174451709,0.0002010000025620684,0,0.003533796174451709,0.9999939799308777,9.999999974752427e-7,0,-0.0002010000025620684,0,1,0,0.00007300000288523734,0.028284000232815742,0,1
B22,mixamorig_LeftHandMiddle4,21,1,0,0,0,0,1,0,0,0,0,1,0,-0.000028000000384054147,0.02418600022792816,0,1
B23,mixamorig_LeftHandRing1,10,0.9844031929969788,-0.16789177060127258,-0.05256747454404831,0,0.172604501247406,0.8638629913330078,0.4732317626476288,0,-0.03403991460800171,-0.47492408752441406,0.879368007183075,0,0.01270699966698885,0.1474280059337616,-0.0036170000676065683,1
B24,mixamorig_LeftHandRing2,23,0.9993820190429688,0.034666758030653,0.005844962317496538,0,-0.03247375786304474,0.8466047644615173,0.5312305092811584,0,0.013467573560774326,-0.5310925245285034,0.8472067713737488,0,0.00003300000025774352,0.026302000507712364,0,1
B25,mixamorig_LeftHandRing3,24,0.9999579787254333,-0.009186999872326851,-0.0000637962220935151,0,0.009186999872326851,0.9999579787254333,-9.999999974752427e-7,0,0.0000637962220935151,0,1,0,0.00004999999873689376,0.024826999753713608,0,1
B26,mixamorig_LeftHandRing4,25,1,0,0,0,0,1,0,0,0,0,1,0,-0.00008299999899463728,0.019443999975919724,0,1
B27,mixamorig_LeftHandPinky1,10,0.9699611663818359,-0.23364926874637604,-0.06769412010908127,0,0.23455579578876495,0.8245547413825989,0.5148723125457764,0,-0.06448175013065338,-0.5152846574783325,0.8545897603034973,0,0.03190400078892708,0.13796499371528625,-0.0007270000060088933,1
B28,mixamorig_LeftHandPinky2,27,0.9973672032356262,0.0722985714673996,0.005636962130665779,0,-0.059292983263731,0.7682552337646484,0.6373921036720276,0,0.04175157472491264,-0.6360481381416321,0.7705191969871521,0,0.00007500000356230885,0.02375200018286705,0,1
B29,mixamorig_LeftHandPinky3,28,0.9999390244483948,-0.01103300042450428,-0.000022000000171829015,0,0.01103300042450428,0.9999390244483948,-9.999999974752427e-7,0,0.000022000000171829015,0,1,0,0.00006600000051548705,0.01880500093102455,0,1
B30,mixamorig_LeftHandPinky4,29,1,0,0,0,0,1,0,0,0,0,1,0,-0.00014099999680183828,0.017534999176859856,0,1
B31,mixamorig_RightShoulder,3,0.2511168122291565,-0.03076763264834881,0.9674679636955261,0,-0.827781081199646,-0.5248890519142151,0.1981671154499054,0,0.5017159581184387,-0.8506142497062683,-0.1572781354188919,0,-0.051966000348329544,0.1293639987707138,0.004224000032991171,1
B32,mixamorig_RightArm,31,0.9035934805870056,0.40940186381340027,0.12612970173358917,0,-0.420625776052475,0.792083203792572,0.44235485792160034,0,0.08119526505470276,-0.45276278257369995,0.8879262208938599,0,0,0.1336829960346222,0,1
B33,mixamorig_RightForeArm,32,0.7422572374343872,-0.6496909856796265,-0.1641847789287567,0,0.6324014663696289,0.7601686716079712,-0.1490398496389389,0,0.22163702547550201,0.006795439403504133,0.9751051664352417,0,0,0.22106599807739258,0,1
B34,mixamorig_RightHand,33,0.9773057699203491,-0.14081735908985138,-0.1582534909248352,0,0.1723608821630478,0.9629054665565491,0.207614466547966,0,0.12314756959676743,-0.230179563164711,0.9653250575065613,0,0,0.1758909970521927,0,1
B35,mixamorig_RightHandThumb1,34,0.8281546831130981,-0.5248936414718628,-0.19658684730529785,0,0.5591705441474915,0.749572217464447,0.35421717166900635,0,-0.038570769131183624,-0.40327203273773193,0.9142668843269348,0,0.02535099908709526,0.06798099726438522,0.018378999084234238,1
B36,mixamorig_RightHandThumb2,35,0.8493717908859253,0.5221188068389893,0.07719846069812775,0,-0.5244529247283936,0.8513509631156921,0.012288426980376244,0,-0.05930682271718979,-0.05092453211545944,0.9969401359558105,0,-0.006049000192433596,0.05956999957561493,0,1
B37,mixamorig_RightHandThumb3,36,0.999193012714386,-0.039273206144571304,0.008477999828755856,0,0.03927899897098541,0.9992280006408691,-0.00046999999904073775,0,-0.008453000336885452,0.0008030000026337802,0.9999639987945557,0,0.004126000218093395,0.04319800063967705,0,1
B38,mixamorig_RightHandThumb4,37,1,0,0,0,0,1,0,0,0,0,1,0,0.0019229999743402004,0.034324999898672104,0,1
B39,mixamorig_RightHandIndex1,34,0.9981308579444885,-0.05889524891972542,-0.016302460804581642,0,0.059512753039598465,0.9974098801612854,0.04039450362324715,0,0.013881414197385311,-0.04128987714648247,0.9990506768226624,0,0.03757299855351448,0.1624079942703247,0.003258999902755022,1
B40,mixamorig_RightHandIndex2,39,0.9998911619186401,0.011227142997086048,0.009515517391264439,0,-0.013507142663002014,0.9568130970001221,0.2903899848461151,0,-0.005843962077051401,-0.29048699140548706,0.9568608999252319,0,-0.000003999999989900971,0.02348800003528595,0,1
B41,mixamorig_RightHandIndex3,40,1,0,0,0,0,1,0,0,0,0,1,0,-0.00002099999983329326,0.0218260008841753,0,1
B42,mixamorig_RightHandIndex4,41,1,0,0,0,0,1,0,0,0,0,1,0,0.00002499999936844688,0.0189449992030859,0,1
B43,mixamorig_RightHandMiddle1,34,0.9993963837623596,-0.031304217875003815,-0.015037785284221172,0,0.0335632786154747,0.9818586111068726,0.1866200864315033,0,0.008923226967453957,-0.18701231479644775,0.9823168516159058,0,0.013784999959170818,0.1663070023059845,-0.006002999842166901,1
B44,mixamorig_RightHandMiddle2,43,0.9993285536766052,-0.03462611138820648,-0.011986056342720985,0,0.035920318216085434,0.8611248731613159,0.5071236491203308,0,-0.0072382413782179356,-0.5072136521339417,0.861790120601654,0,0.00004199999966658652,0.02859099954366684,0,1
B45,mixamorig_RightHandMiddle3,44,1,0,0,0,0,1,0,0,0,0,1,0,-0.000037999998312443495,0.026311000809073448,0,1
B46,mixamorig_RightHandMiddle4,45,1,0,0,0,0,1,0,0,0,0,1,0,-0.000003999999989900971,0.02469399943947792,0,1
B47,mixamorig_RightHandRing1,34,0.9981634616851807,0.03585832193493843,0.04881921783089638,0,-0.05005522444844246,0.9421610236167908,0.3314017653465271,0,-0.0341118685901165,-0.3332365155220032,0.9422258734703064,0,-0.01724500022828579,0.1778710037469864,-0.002131999935954809,1
B48,mixamorig_RightHandRing2,47,0.9976248145103455,-0.06620042771100998,-0.01904122158885002,0,0.06418042629957199,0.7928974032402039,0.6059658527374268,0,-0.02501722238957882,-0.6057486534118652,0.7952626347541809,0,-0.000003999999989900971,0.01920199953019619,0,1
B49,mixamorig_RightHandRing3,48,1,0,0,0,0,1,9.999999974752427e-7,0,0,-9.999999974752427e-7,1,0,-0.000025999999706982635,0.017619000747799873,0,1
B50,mixamorig_RightHandRing4,49,1,0,0,0,0,1,0,0,0,0,1,0,0.000029999999242136255,0.01469700038433075,0,1
B51,mixamorig_RightHandPinky1,34,0.9948027729988098,0.08482619374990463,0.0563209094107151,0,-0.09966098517179489,0.9245073199272156,0.36790481209754944,0,-0.020860780030488968,-0.37160584330558777,0.9281561374664307,0,-0.03411300107836723,0.17002099752426147,0.0026910000015050173,1
B52,mixamorig_RightHandPinky2,51,0.9912770390510559,-0.12792974710464478,-0.03168751299381256,0,0.1171867772936821,0.7455254197120667,0.6560942530632019,0,-0.060310181230306625,-0.6540842056274414,0.7540139555931091,0,-0.0000470000013592653,0.019951000809669495,0,1
B53,mixamorig_RightHandPinky3,52,0.9999740123748779,0.007091999985277653,0.0011780000058934093,0,-0.007091999985277653,0.9999750256538391,-0.000009000000318337698,0,-0.0011787962866947055,0,0.9999989867210388,0,-0.00004400000034365803,0.017869999632239342,0,1
B54,mixamorig_RightHandPinky4,53,1,0,0,0,0,1,0,0,0,0,1,0,0.00009100000170292333,0.014127000235021114,0,1
B55,mixamorig_LeftUpLeg,0,-0.9594113826751709,-0.19291692972183228,0.20570051670074463,0,0.26343420147895813,-0.8734299540519714,0.40953996777534485,0,0.1006578579545021,0.4471055865287781,0.8887996673583984,0,0.10385400056838989,-0.06297700107097626,-0.01758500002324581,1
B56,mixamorig_LeftLeg,55,0.9659793376922607,-0.18217968940734863,-0.18356214463710785,0,0.035490453243255615,0.7964395880699158,-0.6036754846572876,0,0.256173700094223,0.5766227841377258,0.7758103609085083,0,0,0.3655810058116913,0,1
B57,mixamorig_LeftFoot,56,0.9890958666801453,-0.12214456498622894,0.08228322118520737,0,-0.02700762078166008,0.3987995982170105,0.91664057970047,0,-0.14477677643299103,-0.9088676571846008,0.39115238189697266,0,0,0.32025501132011414,0,1
B58,mixamorig_LeftToeBase,57,0.991481602191925,-0.03694772720336914,-0.12489558011293411,0,0.10138805210590363,0.8208838105201721,0.5620236992835999,0,0.08175919950008392,-0.5698996186256409,0.8176366686820984,0,0,0.135685995221138,0,1
B59,mixamorig_LeftToe_End,58,1,0,0,0,0,1,0,0,0,0,1,0,0,0.06672299653291702,0,1
B60,mixamorig_RightUpLeg,0,-0.9256682991981506,0.29329320788383484,-0.2389919012784958,0,-0.2824676036834717,-0.9560049772262573,-0.07915929704904556,0,-0.2516944110393524,-0.005767520051449537,0.967789351940155,0,-0.10385400056838989,-0.06297700107097626,0.004871999844908714,1
B61,mixamorig_RightLeg,60,0.9888346791267395,-0.023113394156098366,-0.14721567928791046,0,-0.06345434486865997,0.8285539746284485,-0.5563022494316101,0,0.13483373820781708,0.559432327747345,0.817835807800293,0,0,0.3654009997844696,0,1
B62,mixamorig_RightFoot,61,0.9501473307609558,0.3115653693675995,-0.012137675657868385,0,-0.0038783885538578033,0.05073592811822891,0.9987043142318726,0,0.31177735328674316,-0.9488691687583923,0.04941500350832939,0,0,0.31953901052474976,0,1
B63,mixamorig_RightToeBase,62,0.9975600242614746,-0.0036929999478161335,0.06971800327301025,0,-0.03429599851369858,0.843891978263855,0.5354160070419312,0,-0.060812000185251236,-0.5364999771118164,0.8417059779167175,0,0,0.14167599380016327,0,1
B64,mixamorig_RightToe_End,63,1,0,0,0,0,1,0,0,0,0,1,0,0,0.0654049962759018,0,1
@52,0,1,2,3,4,5,7,8,9,10,11,12,13,15,16,17,19,20,21,23,24,25,27,28,29,31,32,33,34,35,36,37,39,40,41,43,44,45,47,48,49,51,52,53,55,56,57,58,60,61,62,63
K0.000,0.7296640276908875,0.0038850000128149986,0.6837949752807617,0,0.050186000764369965,0.996982991695404,-0.059216998517513275,0,-0.6819620132446289,0.07752600312232971,0.7272670269012451,0,0.0006929999799467623,0.7549949884414673,-0.0060339998453855515,1,0.99652099609375,-0.01482400018721819,-0.08201199769973755,0,0.014287999831140041,0.9998729825019836,-0.007120999973267317,0,0.08210700005292892,0.005925000179558992,0.9966059923171997,0,0,0.11216100305318832,-0.012102999724447727,1,0.9861840009689331,-0.0027260000351816416,-0.1656309962272644,0,0.03595200181007385,0.9795550107955933,0.1979369968175888,0,0.16170500218868256,-0.20115700364112854,0.9661200046539307,0,0,0.13161399960517883,0,1,0.9861840009689331,-0.0027260000351816416,-0.1656309962272644,0,0.03595200181007385,0.9795550107955933,0.1979369968175888,0,0.16170500218868256,-0.20115700364112854,0.9661200046539307,0,0,0.15041600167751312,0,1,0.9997439980506897,0.0027989998925477266,0.022446999326348305,0,-0.003524000057950616,0.9994720220565796,0.032301999628543854,0,-0.022345000877976418,-0.03237299993634224,0.9992259740829468,0,0,0.1692180037498474,0,1,0.9370599985122681,-0.04476499930024147,-0.3462870121002197,0,0.00621700007468462,0.9937300086021423,-0.1116349995136261,0,0.34911298751831055,0.1024560034275055,0.9314630031585693,0,0,0.11665599793195724,0.0029380000196397305,1,-0.20160800218582153,-0.008870000019669533,-0.9794260263442993,0,0.8768489956855774,-0.4472169876098633,-0.17644399404525757,0,-0.4364509880542755,-0.8943819999694824,0.09793999791145325,0,0.051966000348329544,0.13118299841880798,-0.012628999538719654,1,0.9630089998245239,0.013294000178575516,0.26914098858833313,0,-0.15630899369716644,0.841139018535614,0.5177389979362488,0,-0.21950200200080872,-0.5406559705734253,0.8121020197868347,0,0,0.1336829960346222,0,1,0.6841760277748108,0.7178999781608582,0.1285420060157776,0,-0.7288320064544678,0.6665899753570557,0.15640300512313843,0,0.026597000658512115,-0.20069199800491333,0.9792929887771606,0,0,0.22105200588703156,0,1,0.8627049922943115,-0.06058900058269501,-0.5020650029182434,0,-0.09736199676990509,0.9543240070343018,-0.28246599435806274,0,0.49624601006507874,0.29256701469421387,0.8174009919166565,0,0,0.17756600677967072,0,1,0.8338810205459595,0.551895022392273,-0.007412999868392944,0,-0.4530330002307892,0.6920549869537354,0.5619800090789795,0,0.31528401374816895,-0.46526598930358887,0.8271179795265198,0,-0.016126999631524086,0.05376400053501129,0.015052000060677528,1,0.958424985408783,-0.2850709855556488,0.01246500015258789,0,0.28521400690078735,0.958391010761261,-0.01182899996638298,0,-0.008573999628424644,0.014891999773681164,0.9998520016670227,0,0.0035500000230968,0.04635600000619888,0,1,0.9354379773139954,0.35349100828170776,0.0006539999740198255,0,-0.35349100828170776,0.9354379773139954,-0.00009899999713525176,0,-0.0006469999789260328,-0.00013899999612476677,1,0,-0.0074280002154409885,0.03454999998211861,0,1,0.979237973690033,0.2022780030965805,0.013318999670445919,0,-0.20252500474452972,0.9790520071983337,0.02097100019454956,0,-0.008798000402748585,-0.023233000189065933,0.9996910095214844,0,-0.031122999265789986,0.14032800495624542,0.000037000001611886546,1,0.9999729990959167,0.004987999796867371,-0.005317999981343746,0,-0.003281000070273876,0.9591699838638306,0.2828119993209839,0,0.006512000225484371,-0.2827869951725006,0.9591609835624695,0,-0.00010399999882793054,0.025721000507473946,0,1,0.9999889731407166,0.004672999959439039,0.0005000000237487257,0,-0.004672999959439039,0.9999889731407166,-0.000003000000106112566,0,-0.0005000000237487257,0,1,0,-0.000024000000848900527,0.024692000821232796,0,1,0.9965490102767944,-0.06807799637317657,-0.04748300090432167,0,0.07647199928760529,0.9754769802093506,0.20638999342918396,0,0.03226799890398979,-0.20930899679660797,0.9773169755935669,0,-0.01348899956792593,0.14750300347805023,-0.005807000212371349,1,0.9995250105857849,0.029085999354720116,0.010212000459432602,0,-0.030796999111771584,0.9275299906730652,0.3724769949913025,0,0.0013620000099763274,-0.3726139962673187,0.9279850125312805,0,-0.000045000000682193786,0.030094999819993973,0,1,0.9999939799308777,-0.003533999901264906,0.0002010000025620684,0,0.003533999901264906,0.9999939799308777,0,0,-0.0002010000025620684,0,1,0,0.00007300000288523734,0.028284000232815742,0,1,0.9843149781227112,-0.16832800209522247,-0.05281899869441986,0,0.17314599454402924,0.8643239736557007,0.4721910059452057,0,-0.033831000328063965,-0.4739300012588501,0.8799129724502563,0,0.01270699966698885,0.1474280059337616,-0.0036170000676065683,1,0.9993829727172852,0.03464699909090996,0.005830000154674053,0,-0.03245500102639198,0.8468559980392456,0.530830979347229,0,0.013454999774694443,-0.530692994594574,0.8474569916725159,0,0.00003300000025774352,0.026302000507712364,0,1,0.9999579787254333,-0.009186999872326851,-0.00006399999983841553,0,0.009186999872326851,0.9999579787254333,0,0,0.00006399999983841553,0,1,0,0.00004999999873689376,0.024826999753713608,0,1,0.9698560237884521,-0.23402799665927887,-0.06789299845695496,0,0.23506100475788116,0.8250790238380432,0.5138000249862671,0,-0.06422600150108337,-0.5142710208892822,0.8552190065383911,0,0.03190400078892708,0.13796499371528625,-0.0007270000060088933,1,0.9973689913749695,0.07227899879217148,0.005611000116914511,0,-0.05928099900484085,0.7685539722442627,0.6370319724082947,0,0.041731998324394226,-0.6356890201568604,0.77081698179245,0,0.00007500000356230885,0.02375200018286705,0,1,0.9999390244483948,-0.01103300042450428,-0.000022000000171829015,0,0.01103300042450428,0.9999390244483948,0,0,0.000022000000171829015,0,1,0,0.00006600000051548705,0.01880500093102455,0,1,0.25177401304244995,-0.030503999441862106,0.9673050045967102,0,-0.8266950249671936,-0.5264440178871155,0.1985740065574646,0,0.5031750202178955,-0.8496630191802979,-0.15776200592517853,0,-0.051966000348329544,0.1293639987707138,0.004224000032991171,1,0.9030960202217102,0.4106779992580414,0.12554599344730377,0,-0.42153400182724,0.7919080257415771,0.4418039917945862,0,0.08201900124549866,-0.4519129991531372,0.8882830142974854,0,0,0.1336829960346222,0,1,0.7426850199699402,-0.6488519906997681,-0.1655610054731369,0,0.6311879754066467,0.7608799934387207,-0.15054599940776825,0,0.22365400195121765,0.0073090000078082085,0.9746410250663757,0,0,0.22106599807739258,0,1,0.9772340059280396,-0.14223100244998932,-0.15743200480937958,0,0.1737540066242218,0.9623240232467651,0.2091439962387085,0,0.1217539981007576,-0.23173700273036957,0.965129017829895,0,0,0.1758909970521927,0,1,0.826574981212616,-0.5276219844818115,-0.195932999253273,0,0.5612990260124207,0.7471280097961426,0.35600998997688293,0,-0.04145200178027153,-0.4042460024356842,0.9137099981307983,0,0.02535099908709526,0.06798099726438522,0.018378999084234238,1,0.8497239947319031,0.5217059850692749,0.07609999924898148,0,-0.5238649845123291,0.8517389893531799,0.01028900034725666,0,-0.05944899842143059,-0.04860899969935417,0.9970470070838928,0,-0.006049000192433596,0.05956999957561493,0,1,0.999193012714386,-0.03927300125360489,0.008477999828755856,0,0.03927899897098541,0.9992280006408691,-0.00046999999904073775,0,-0.008453000336885452,0.0008030000026337802,0.9999639987945557,0,0.004126000218093395,0.04319800063967705,0,1,0.9981560111045837,-0.0585159994661808,-0.016137000173330307,0,0.059167999774217606,0.9973019957542419,0.04345199838280678,0,0.013550999574363232,-0.04432599991559982,0.998924970626831,0,0.03757299855351448,0.1624079942703247,0.003258999902755022,1,0.999891996383667,0.011176000349223614,0.009518000297248363,0,-0.013465000316500664,0.9564779996871948,0.2914949953556061,0,-0.005847000051289797,-0.29159098863601685,0.9565250277519226,0,-0.000003999999989900971,0.02348800003528595,0,1,1,0,0,0,0,1,0,0,0,0,1,0,-0.00002099999983329326,0.0218260008841753,0,1,0.9993820190429688,-0.03167999908328056,-0.01522899977862835,0,0.03396100178360939,0.9819790124893188,0.18591199815273285,0,0.009065000340342522,-0.18631500005722046,0.9824479818344116,0,0.013784999959170818,0.1663070023059845,-0.006002999842166901,1,0.9993249773979187,-0.034710001200437546,-0.012028000317513943,0,0.03600500151515007,0.8605170249938965,0.5081480145454407,0,-0.007286999840289354,-0.5082380175590515,0.8611860275268555,0,0.00004199999966658652,0.02859099954366684,0,1,1,0,0,0,0,1,0,0,0,0,1,0,-0.000037999998312443495,0.026311000809073448,0,1,0.998183012008667,0.03556099906563759,0.04865200072526932,0,-0.04971799999475479,0.9421849846839905,0.33138298988342285,0,-0.034053999930620193,-0.33320000767707825,0.9422410130500793,0,-0.01724500022828579,0.1778710037469864,-0.002131999935954809,1,0.9976189732551575,-0.06627199798822403,-0.019101999700069427,0,0.06425300240516663,0.7923660278320312,0.6066529750823975,0,-0.025067999958992004,-0.606436014175415,0.7947369813919067,0,-0.000003999999989900971,0.01920199953019619,0,1,1,0,0,0,0,1,0,0,0,0,1,0,-0.000025999999706982635,0.017619000747799873,0,1,0.994795024394989,0.08489599823951721,0.05636100098490715,0,-0.09972900152206421,0.924701988697052,0.3673959970474243,0,-0.020927000790834427,-0.37110498547554016,0.9283549785614014,0,-0.03411300107836723,0.17002099752426147,0.0026910000015050173,1,0.9912919998168945,-0.12783999741077423,-0.031582001596689224,0,0.11710300296545029,0.7461050152778625,0.6554499864578247,0,-0.06022899970412254,-0.653439998626709,0.7545779943466187,0,-0.0000470000013592653,0.019951000809669495,0,1,0.9999740123748779,0.007091999985277653,0.0011790000135079026,0,-0.007091999985277653,0.9999750256538391,-0.000009000000318337698,0,-0.0011790000135079026,0,0.9999989867210388,0,-0.00004400000034365803,0.017869999632239342,0,1,-0.9594129920005798,-0.19286899268627167,0.20573900640010834,0,0.26352301239967346,-0.8729270100593567,0.4105539917945862,0,0.10041200369596481,0.4481079876422882,0.8883230090141296,0,0.10385400056838989,-0.06297700107097626,-0.01758500002324581,1,0.9658520221710205,-0.18283499777317047,-0.1835789978504181,0,0.03567900136113167,0.7956470251083374,-0.6047080159187317,0,0.25662699341773987,0.5775089859962463,0.7750009894371033,0,0,0.3655810058116913,0,1,0.989113986492157,-0.12199100106954575,0.0822950005531311,0,-0.027188999578356743,0.3981109857559204,0.9169340133666992,0,-0.14462000131607056,-0.9091899991035461,0.3904600143432617,0,0,0.32025501132011414,0,1,0.991549015045166,-0.03728900104761124,-0.12425799667835236,0,0.10134200006723404,0.8206149935722351,0.5624229907989502,0,0.08099500089883804,-0.5702630281448364,0.817458987236023,0,0,0.135685995221138,0,1,-0.9257050156593323,0.29303300380706787,-0.2391670048236847,0,-0.28228700160980225,-0.9560869932174683,-0.07881700247526169,0,-0.25176098942756653,-0.005446999799460173,0.967773973941803,0,-0.10385400056838989,-0.06297700107097626,0.004871999844908714,1,0.9887710213661194,-0.023687999695539474,-0.14754700660705566,0,-0.06327299773693085,0.8281220197677612,-0.5569649934768677,0,0.13537999987602234,0.5600469708442688,0.8173249959945679,0,0,0.3654009997844696,0,1,0.9499790072441101,0.31208500266075134,-0.011951000429689884,0,-0.0038350000977516174,0.04992099851369858,0.9987459778785706,0,0.3122900128364563,-0.9487419724464417,0.04862099885940552,0,0,0.31953901052474976,0,1,0.9975600242614746,-0.0036929999478161335,0.06971800327301025,0,-0.03429599851369858,0.843891978263855,0.5354160070419312,0,-0.060812000185251236,-0.5364999771118164,0.8417059779167175,0,0,0.14167599380016327,0,1
K0.033,0.7293630242347717,0.003891000058501959,0.6841149926185608,0,0.050429005175828934,0.9969580173492432,-0.05943400412797928,0,-0.6822649836540222,0.07784800231456757,0.7269480228424072,0,0.0007900010677985847,0.7550719976425171,-0.006121000275015831,1,0.99652099609375,-0.014822999946773052,-0.08201400190591812,0,0.01428299956023693,0.9998720288276672,-0.007173000834882259,0,0.08211000263690948,0.005977001041173935,0.9966049790382385,0,0,0.11216100305318832,-0.012102999724447727,1,0.9861840009689331,-0.002712999703362584,-0.16562999784946442,0,0.03592199832201004,0.9795759916305542,0.19783900678157806,0,0.1617099940776825,-0.20105600357055664,0.9661399722099304,0,0,0.13161399960517883,0,1,0.9861840009689331,-0.002712999703362584,-0.16562899947166443,0,0.03592199832201004,0.9795759916305542,0.19783900678157806,0,0.1617099940776825,-0.20105500519275665,0.9661399722099304,0,0,0.15041600167751312,0,1,0.9997450113296509,0.002722997684031725,0.022438999265432358,0,-0.003460997948423028,0.9994519948959351,0.03291800990700722,0,-0.02233700081706047,-0.03298700973391533,0.999206006526947,0,0,0.1692180037498474,0,1,0.9372029900550842,-0.044468991458415985,-0.3459390103816986,0,0.006170996464788914,0.993798017501831,-0.1110299825668335,0,0.34873101115226746,0.10192199051380157,0.931663990020752,0,0,0.11665599793195724,0.0029380000196397305,1,-0.2012449949979782,-0.008798999711871147,-0.9795010089874268,0,0.8769180178642273,-0.4471980035305023,-0.17615100741386414,0,-0.4364809989929199,-0.8943920135498047,0.09771300107240677,0,0.051966000348329544,0.13118299841880798,-0.012628999538719654,1,0.9630129933357239,0.013567001558840275,0.2691119909286499,0,-0.156468003988266,0.841251015663147,0.5175079703330994,0,-0.21936999261379242,-0.5404750108718872,0.8122590184211731,0,0,0.1336829960346222,0,1,0.68401700258255,0.7180259823799133,0.12868300080299377,0,-0.7289829850196838,0.6664249897003174,0.15640200674533844,0,0.02654299885034561,-0.20078900456428528,0.9792749881744385,0,0,0.22105200588703156,0,1,0.8628460168838501,-0.06063700467348099,-0.501816987991333,0,-0.09707698971033096,0.9544180035591125,-0.282245010137558,0,0.49605798721313477,0.29224899411201477,0.8176289796829224,0,0,0.17756600677967072,0,1,0.8342949748039246,0.5512449741363525,-0.009043010883033276,0,-0.4512389898300171,0.6921780109405518,0.5632690191268921,0,0.31675800681114197,-0.4658519923686981,0.8262240290641785,0,-0.016126999631524086,0.05376400053501129,0.015052000060677528,1,0.958424985408783,-0.2850709855556488,0.012464999221265316,0,0.28521499037742615,0.958391010761261,-0.011828998103737831,0,-0.008573999628424644,0.014891997911036015,0.9998520016670227,0,0.0035500000230968,0.04635600000619888,0,1,0.9354379773139954,0.35349100828170776,0.0006539999740198255,0,-0.35349100828170776,0.9354379773139954,-0.00009899999713525176,0,-0.0006469999789260328,-0.00013899999612476677,1,0,-0.0074280002154409885,0.03454999998211861,0,1,0.9792280197143555,0.20232699811458588,0.013282000087201595,0,-0.20258499681949615,0.9790089726448059,0.02235700935125351,0,-0.00847999844700098,-0.024583010002970695,0.9996619820594788,0,-0.031122999265789986,0.14032800495624542,0.000037000001611886546,1,0.9999729990959167,0.004990000277757645,-0.005319000221788883,0,-0.003282000310719013,0.9591519832611084,0.2828719913959503,0,0.006513000000268221,-0.28284698724746704,0.9591429829597473,0,-0.00010399999882793054,0.025721000507473946,0,1,0.9999889731407166,0.004672999959439039,0.0005000000237487257,0,-0.004672999959439039,0.9999889731407166,-0.000003000000106112566,0,-0.0005000000237487257,0,1,0,-0.000024000000848900527,0.024692000821232796,0,1,0.9965680241584778,-0.06786099076271057,-0.04739300161600113,0,0.0762619897723198,0.9753590226173401,0.20702199637889862,0,0.03217700123786926,-0.20992599427700043,0.977187991142273,0,-0.01348899956792593,0.14750300347805023,-0.005807000212371349,1,0.9995239973068237,0.02909800037741661,0.010218000039458275,0,-0.030810000374913216,0.92746901512146,0.37262800335884094,0,0.001366000040434301,-0.3727650046348572,0.9279249906539917,0,-0.000045000000682193786,0.030094999819993973,0,1,0.9999939799308777,-0.0035329998936504126,0.0002010000025620684,0,0.0035329998936504126,0.9999939799308777,0,0,-0.0002010000025620684,0,1,0,0.00007300000288523734,0.028284000232815742,0,1,0.9843530058860779,-0.16814100742340088,-0.052710000425577164,0,0.17291900515556335,0.8641989827156067,0.47250398993492126,0,-0.03389500081539154,-0.4742250144481659,0.8797510266304016,0,0.01270699966698885,0.1474280059337616,-0.0036170000676065683,1,0.9993820190429688,0.034657999873161316,0.005836999975144863,0,-0.032464999705553055,0.8467209935188293,0.5310450196266174,0,0.013461999595165253,-0.5309069752693176,0.8473230004310608,0,0.00003300000025774352,0.026302000507712364,0,1,0.9999579787254333,-0.009186999872326851,-0.00006300000677583739,0,0.009186999872326851,0.9999579787254333,0,0,0.00006300000677583739,0,1,0,0.00004999999873689376,0.024826999753713608,0,1,0.9698759913444519,-0.23395900428295135,-0.06784699857234955,0,0.234934002161026,0.8247529864311218,0.5143809914588928,0,-0.0643870010972023,-0.5148259997367859,0.8548740148544312,0,0.03190400078892708,0.13796499371528625,-0.0007270000060088933,1,0.9973679780960083,0.0722929984331131,0.005628999788314104,0,-0.05928900092840195,0.7683420181274414,0.6372870206832886,0,0.041746001690626144,-0.6359429955482483,0.7706059813499451,0,0.00007500000356230885,0.02375200018286705,0,1,0.9999390244483948,-0.01103300042450428,-0.000022000000171829015,0,0.01103300042450428,0.9999390244483948,0,0,0.000022000000171829015,0,1,0,0.00006600000051548705,0.01880500093102455,0,1,0.2514989972114563,-0.030606001615524292,0.9673740267753601,0,-0.8271290063858032,-0.5258269906044006,0.19840200245380402,0,0.5025990009307861,-0.8500409722328186,-0.15756000578403473,0,-0.051966000348329544,0.1293639987707138,0.004224000032991171,1,0.9033179879188538,0.4101319909095764,0.1257299929857254,0,-0.42112499475479126,0.792044997215271,0.4419479966163635,0,0.08167298883199692,-0.45216798782348633,0.8881850242614746,0,0,0.1336829960346222,0,1,0.7424769997596741,-0.6492260098457336,-0.16502398252487183,0,0.6316959857940674,0.760562002658844,-0.15001998841762543,0,0.22290699183940887,0.0071409959346055984,0.9748129844665527,0,0,0.22106599807739258,0,1,0.977258026599884,-0.1417369842529297,-0.15772399306297302,0,0.17326298356056213,0.9625399708747864,0.20855797827243805,0,0.12225501239299774,-0.23114298284053802,0.9652079939842224,0,0,0.1758909970521927,0,1,0.8277080059051514,-0.5256580114364624,-0.19642600417137146,0,0.5597820281982422,0.7489399909973145,0.35458898544311523,0,-0.03928099200129509,-0.4034520089626312,0.914156973361969,0,0.02535099908709526,0.06798099726438522,0.018378999084234238,1,0.849835991859436,0.5213990211486816,0.07695800065994263,0,-0.5236709713935852,0.851842999458313,0.011493010446429253,0,-0.05956399813294411,-0.05006701126694679,0.9969679713249207,0,-0.006049000192433596,0.05956999957561493,0,1,0.999193012714386,-0.03927399963140488,0.008477999828755856,0,0.03927899897098541,0.9992280006408691,-0.00046999999904073775,0,-0.008453000336885452,0.0008030000026337802,0.9999639987945557,0,0.004126000218093395,0.04319800063967705,0,1,0.9981380105018616,-0.058779001235961914,-0.016272999346256256,0,0.059418000280857086,0.9973469972610474,0.0420609787106514,0,0.01375800184905529,-0.04294997826218605,0.9989830255508423,0,0.03757299855351448,0.1624079942703247,0.003258999902755022,1,0.999891996383667,0.011173000559210777,0.009498000144958496,0,-0.013453001156449318,0.9566609859466553,0.2908940017223358,0,-0.005836000200361013,-0.29099100828170776,0.9567080140113831,0,-0.000003999999989900971,0.02348800003528595,0,1,1,0,0,0,0,1,0,0,0,0,1,0,-0.00002099999983329326,0.0218260008841753,0,1,0.9993900060653687,-0.03147699683904648,-0.015118999406695366,0,0.033747997134923935,0.9818570017814636,0.18659700453281403,0,0.008970999158918858,-0.18699400126934052,0.9823200106620789,0,0.013784999959170818,0.1663070023059845,-0.006002999842166901,1,0.9993270039558411,-0.03465000167489052,-0.011997999623417854,0,0.035944998264312744,0.8610190153121948,0.5073019862174988,0,-0.007247000001370907,-0.5073919892311096,0.8616849780082703,0,0.00004199999966658652,0.02859099954366684,0,1,1,0,0,0,0,1,0,0,0,0,1,0,-0.000037999998312443495,0.026311000809073448,0,1,0.9981729984283447,0.035714998841285706,0.04873799905180931,0,-0.04989200457930565,0.9421730041503906,0.3313930034637451,0,-0.03408399969339371,-0.3332189917564392,0.9422330260276794,0,-0.01724500022828579,0.1778710037469864,-0.002131999935954809,1,0.9976239800453186,-0.06620600074529648,-0.0190459992736578,0,0.06418599933385849,0.792855978012085,0.6060199737548828,0,-0.025022000074386597,-0.6058019995689392,0.7952219843864441,0,-0.000003999999989900971,0.01920199953019619,0,1,1,0,0,0,0,1,0,0,0,0,1,0,-0.000025999999706982635,0.017619000747799873,0,1,0.9947980046272278,0.084866002202034,0.05634399875998497,0,-0.09969999641180038,0.9246180057525635,0.3676150143146515,0,-0.020898999646306038,-0.3713200092315674,0.9282699823379517,0,-0.03411300107836723,0.17002099752426147,0.0026910000015050173,1,0.9912850260734558,-0.12787799537181854,-0.031626999378204346,0,0.11713899672031403,0.7458590269088745,0.6557239890098572,0,-0.06026399880647659,-0.6537140011787415,0.7543380260467529,0,-0.0000470000013592653,0.019951000809669495,0,1,0.9999740123748779,0.007091999985277653,0.0011780000058934093,0,-0.007091999985277653,0.9999750256538391,-0.000009000000318337698,0,-0.0011780000058934093,0,0.9999989867210388,0,-0.00004400000034365803,0.017869999632239342,0,1,-0.95940101146698,-0.1929440051317215,0.2057259976863861,0,0.26351699233055115,-0.8732110261917114,0.4099540114402771,0,0.10054399818181992,0.44752201437950134,0.8886029720306396,0,0.10385400056838989,-0.06297700107097626,-0.01758500002324581,1,0.9659140110015869,-0.18249499797821045,-0.1835940033197403,0,0.035585999488830566,0.796101987361908,-0.6041150093078613,0,0.2564069926738739,0.5769889950752258,0.7754600048065186,0,0,0.3655810058116913,0,1,0.9891070127487183,-0.12205299735069275,0.08228799700737,0,-0.02709599770605564,0.3985010087490082,0.9167680144309998,0,-0.1446859985589981,-0.9090110063552856,0.39085298776626587,0,0,0.32025501132011414,0,1,0.9915270209312439,-0.03718499466776848,-0.12446800619363785,0,0.10135699808597565,0.8207539916038513,0.5622180104255676,0,0.08125200867652893,-0.5700700283050537,0.8175690174102783,0,0,0.135685995221138,0,1,-0.9256809949874878,0.2931689918041229,-0.239096999168396,0,-0.28238800168037415,-0.9560440182685852,-0.07896900177001953,0,-0.2517389953136444,-0.005582002457231283,0.9677789807319641,0,-0.10385400056838989,-0.06297700107097626,0.004871999844908714,1,0.9888139963150024,-0.023364996537566185,-0.14731599390506744,0,-0.06335800141096115,0.8283270001411438,-0.5566509962081909,0,0.13503199815750122,0.5597580075263977,0.8175809979438782,0,0,0.3654009997844696,0,1,0.950082004070282,0.3117699921131134,-0.01202700100839138,0,-0.0038759999442845583,0.05034100264310837,0.9987249970436096,0,0.3119780123233795,-0.9488229751586914,0.04903600364923477,0,0,0.31953901052474976,0,1,0.9975600242614746,-0.0036929999478161335,0.06971800327301025,0,-0.03429599851369858,0.843891978263855,0.5354160070419312,0,-0.060812000185251236,-0.5364999771118164,0.8417059779167175,0,0,0.14167599380016327,0,1
