0.733,30,21,65
B0,mixamorig_Hips,-1,0.9568560123443604,-0.16511492431163788,0.2330237329006195,0,0.06838102638721466,0.9240390658378601,0.373473197221756,0,-0.27746570110321045,-0.3433556854724884,0.896782636642456,0,-0.0015401274431496859,0.6915189027786255,-0.007234609220176935,1
B1,mixamorig_Spine,0,0.9844635128974915,0.0824664831161499,-0.1270447075366974,0,-0.06207236647605896,0.984854519367218,0.15105794370174408,0,0.13751089572906494,-0.14517034590244293,0.9773207306861877,0,0,0.11216100305318832,-0.012102999724447727,1
B2,mixamorig_Spine1,1,0.9989734888076782,0.022087136283516884,-0.032651904970407486,0,-0.02140134386718273,0.9994519352912903,0.024467507377266884,0,0.03319547697901726,-0.023832255974411964,0.9989126324653625,0,0,0.13161399960517883,0,1
B3,mixamorig_Spine2,2,0.9990037679672241,0.021664438769221306,-0.03202623501420021,0,-0.020975634455680847,0.9994533061981201,0.024844320490956306,0,0.03256763517856598,-0.02423590049147606,0.9989254474639893,0,0,0.15041600167751312,0,1
B4,mixamorig_Neck,3,0.9994257688522339,0.02387242391705513,0.022599853575229645,0,-0.02343066968023777,0.9995536208152771,-0.01766151934862137,0,-0.023014649748802185,0.017117680981755257,0.9995397925376892,0,0,0.1692180037498474,0,1
B5,mixamorig_Head,4,0.9888299107551575,-0.10389392822980881,-0.08951426297426224,0,0.05501052364706993,0.9015704989433289,-0.42867109179496765,0,0.1251118779182434,0.4196412265300751,0.8970681428909302,0,0,0.11665599793195724,0.0029380000196397305,1
B6,mixamorig_HeadTop_End,5,1,0,0,0,0,1,0,0,0,0,1,0,0,0.21303200721740723,0.005365000106394291,1
B7,mixamorig_LeftShoulder,3,-0.26037120819091797,0.01078739482909441,-0.9650960564613342,0,0.7930735945701599,-0.5668761134147644,-0.22079257667064667,0,-0.5494905114173889,-0.8233257532119751,0.1385854184627533,0,0.051966000348329544,0.13118299841880798,-0.012628999538719654,1
B8,mixamorig_LeftArm,7,0.7998719811439514,-0.41865530610084534,-0.36822476983070374,0,0.5482408404350281,0.7064985036849976,0.38430124521255493,0,0.11824066191911697,-0.5380263328552246,0.832140326499939,0,0,0.1336829960346222,0,1
B9,mixamorig_LeftForeArm,8,0.490269273519516,0.8598008751869202,0.1333533376455307,0,-0.8573790192604065,0.45143064856529236,0.24150888621807098,0,0.14817924797534943,-0.23273925483226776,0.961085319519043,0,0,0.22105200588703156,0,1
B10,mixamorig_LeftHand,9,0.8626756072044373,0.1644538938999176,-0.4730648994445801,0,-0.31076300144195557,0.9080586433410645,-0.2605530321598053,0,0.3844756484031677,0.36971449851989746,0.8394392728805542,0,0,0.17756600677967072,0,1
B11,mixamorig_LeftHandThumb1,10,0.7376189827919006,0.6749299764633179,0.01971299946308136,0,-0.6741949915885925,0.7345809936523438,0.07649800181388855,0,0.03714999929070473,-0.06971699744462967,0.996874988079071,0,-0.016126999631524086,0.05376400053501129,0.015052000060677528,1
B12,mixamorig_LeftHandThumb2,11,0.6398766040802002,-0.7611095905303955,0.042357951402664185,0,0.7200835347175598,0.6230760812759399,0.28915369510650635,0,-0.2484382688999176,-0.15135711431503296,0.955474317073822,0,0.0035500000230968,0.04635600000619888,0,1
B13,mixamorig_LeftHandThumb3,12,0.6587648987770081,0.6793192028999329,-0.3204866647720337,0,-0.7495993971824646,0.6260862946510315,-0.212480366230011,0,0.05543580651283264,0.38085219264030457,0.9223310351371765,0,-0.0074280002154409885,0.03454999998211861,0,1
B14,mixamorig_LeftHandThumb4,13,1,0,0,0,0,1,0,0,0,0,1,0,0.003877999959513545,0.025716999545693398,0,1
B15,mixamorig_LeftHandIndex1,10,0.9595872163772583,0.28065934777259827,0.010154003277420998,0,-0.2611524760723114,0.8752690553665161,0.4036077857017517,0,0.10480978339910507,-0.3899672031402588,0.9131991863250732,0,-0.031122999265789986,0.14032800495624542,0.000037000001611886546,1
B16,mixamorig_LeftHandIndex2,15,0.9969514012336731,-0.05830356106162071,-0.0518476627767086,0,0.06161877140402794,0.18079319596290588,0.9815241098403931,0,-0.04786072298884392,-0.981727123260498,0.18383482098579407,0,-0.00010399999882793054,0.025721000507473946,0,1
B17,mixamorig_LeftHandIndex3,16,0.9995818734169006,-0.028297370299696922,-0.005923507735133171,0,0.027400895953178406,0.8619323372840881,0.5062784552574158,0,-0.009220336563885212,-0.5062288641929626,0.8623474836349487,0,-0.000024000000848900527,0.024692000821232796,0,1
B18,mixamorig_LeftHandIndex4,17,1,0,0,0,0,1,0,0,0,0,1,0,0.0001289999927394092,0.02144699916243553,0,1
B19,mixamorig_LeftHandMiddle1,10,0.9937573075294495,0.07642260938882828,0.08117883652448654,0,-0.11151488125324249,0.6991165280342102,0.7058275938034058,0,-0.0028475234284996986,-0.7104743123054504,0.7032766938209534,0,-0.01348899956792593,0.14750300347805023,-0.005807000212371349,1
B20,mixamorig_LeftHandMiddle2,19,0.9933595061302185,-0.09756743907928467,-0.06097105145454407,0,0.0957193672657013,0.40683358907699585,0.9084627628326416,0,-0.06383346766233444,-0.908266007900238,0.4134711027145386,0,-0.000045000000682193786,0.030094999819993973,0,1
B21,mixamorig_LeftHandMiddle3,20,0.9977728724479675,-0.0641632080078125,-0.018204784020781517,0,0.0634557455778122,0.8292331695556641,0.5552611351013184,0,-0.020533950999379158,-0.5551803112030029,0.8314582109451294,0,0.00007300000288523734,0.028284000232815742,0,1
B22,mixamorig_LeftHandMiddle4,21,1,0,0,0,0,1,0,0,0,0,1,0,-0.000028000000384054147,0.02418600022792816,0,1
B23,mixamorig_LeftHandRing1,10,0.9970846772193909,0.017601050436496735,0.07253104448318481,0,-0.0667976513504982,0.6439062356948853,0.7620171308517456,0,-0.03328217193484306,-0.7648312449455261,0.6433691382408142,0,0.01270699966698885,0.1474280059337616,-0.0036170000676065683,1
B24,mixamorig_LeftHandRing2,23,0.9866166710853577,-0.13007496297359467,-0.09830877184867859,0,0.12708817422389984,0.235893115401268,0.9633394479751587,0,-0.10214065760374069,-0.9629402160644531,0.24927042424678802,0,0.00003300000025774352,0.026302000507712364,0,1
B25,mixamorig_LeftHandRing3,24,0.9970434904098511,-0.07430640608072281,-0.019553381949663162,0,0.07447769492864609,0.8720710277557373,0.4836241602897644,0,-0.018891621381044388,-0.4836505651473999,0.8750275373458862,0,0.00004999999873689376,0.024826999753713608,0,1
B26,mixamorig_LeftHandRing4,25,1,0,0,0,0,1,0,0,0,0,1,0,-0.00008299999899463728,0.019443999975919724,0,1
B27,mixamorig_LeftHandPinky1,10,0.9972348809242249,-0.040980078279972076,0.060245536267757416,0,-0.027117306366562843,0.5593660473823547,0.8282982707023621,0,-0.06780149042606354,-0.827739953994751,0.5568642020225525,0,0.03190400078892708,0.13796499371528625,-0.0007270000060088933,1
B28,mixamorig_LeftHandPinky2,27,0.9885929226875305,-0.1346680074930191,-0.06742413341999054,0,0.13048243522644043,0.5423691868782043,0.8298846483230591,0,-0.07520552724599838,-0.829215943813324,0.5537572503089905,0,0.00007500000356230885,0.02375200018286705,0,1
B29,mixamorig_LeftHandPinky3,28,0.9947578310966492,-0.09794782102108002,-0.02936725690960884,0,0.09802458435297012,0.8316773772239685,0.5465032458305359,0,-0.029110901057720184,-0.5465168356895447,0.8369195461273193,0,0.00006600000051548705,0.01880500093102455,0,1
B30,mixamorig_LeftHandPinky4,29,1,0,0,0,0,1,0,0,0,0,1,0,-0.00014099999680183828,0.017534999176859856,0,1
B31,mixamorig_RightShoulder,3,0.2376805692911148,0.012698805890977383,0.9711911082267761,0,-0.6879605054855347,-0.7029523849487305,0.1778813600540161,0,0.6849759817123413,-0.7104719281196594,-0.15819168090820312,0,-0.051966000348329544,0.1293639987707138,0.004224000032991171,1
B32,mixamorig_RightArm,31,0.9219622611999512,-0.288286417722702,0.1556480973958969,0,0.24979370832443237,0.930526614189148,0.2084975242614746,0,-0.2091701179742813,-0.1793787032365799,0.9518114328384399,0,0,0.1336829960346222,0,1
B33,mixamorig_RightForeArm,32,-0.004733673296868801,-0.9538096785545349,0.26363396644592285,0,0.9545142650604248,-0.07322147488594055,-0.24777266383171082,0,0.26101458072662354,0.25046971440315247,0.9315081834793091,0,0,0.22106599807739258,0,1
B34,mixamorig_RightHand,33,0.9462183713912964,0.012908597476780415,0.29737260937690735,0,0.029708027839660645,0.9829356074333191,-0.13348516821861267,0,-0.2950561046600342,0.14204621315002441,0.9435923099517822,0,0,0.1758909970521927,0,1
B35,mixamorig_RightHandThumb1,34,0.7284899950027466,-0.6446375846862793,-0.23183000087738037,0,0.6843709945678711,0.6696879863739014,0.2883650064468384,0,-0.030636999756097794,-0.36872899532318115,0.929032027721405,0,0.02535099908709526,0.06798099726438522,0.018378999084234238,1
B36,mixamorig_RightHandThumb2,35,0.7530899047851562,0.6503078937530518,0.09490826725959778,0,-0.6569547057151794,0.7477192878723145,0.09085825085639954,0,-0.01174392644315958,-0.1304212063550949,0.9912483096122742,0,-0.006049000192433596,0.05956999957561493,0,1
B37,mixamorig_RightHandThumb3,36,0.9058918952941895,-0.421967476606369,0.03603602200746536,0,0.4201757311820984,0.8848386406898499,-0.20113113522529602,0,0.052995968610048294,0.19734229147434235,0.9788702130317688,0,0.004126000218093395,0.04319800063967705,0,1
B38,mixamorig_RightHandThumb4,37,1,0,0,0,0,1,0,0,0,0,1,0,0.0019229999743402004,0.034324999898672104,0,1
B39,mixamorig_RightHandIndex1,34,0.9961738586425781,-0.058520425111055374,-0.06240862235426903,0,0.08423999696969986,0.5491490364074707,0.8295947313308716,0,-0.01522004883736372,-0.8318889141082764,0.55221027135849,0,0.03757299855351448,0.1624079942703247,0.003258999902755022,1
B40,mixamorig_RightHandIndex2,39,0.9975744485855103,0.06031467393040657,0.034712690860033035,0,-0.06031526252627373,0.5007427334785461,0.8632774353027344,0,0.03471210598945618,-0.8632774353027344,0.5031682252883911,0,-0.000003999999989900971,0.02348800003528595,0,1
B41,mixamorig_RightHandIndex3,40,0.9991133809089661,0.040138907730579376,0.012689088471233845,0,-0.040138907730579376,0.817502498626709,0.5744962096214294,0,0.012688498944044113,-0.5744962096214294,0.8183896541595459,0,-0.00002099999983329326,0.0218260008841753,0,1
B42,mixamorig_RightHandIndex4,41,1,0,0,0,0,1,0,0,0,0,1,0,0.00002499999936844688,0.0189449992030859,0,1
B43,mixamorig_RightHandMiddle1,34,0.9930763840675354,-0.04919833689928055,-0.09627007693052292,0,0.10807149112224579,0.48927775025367737,0.8639675378799438,0,0.0055276150815188885,-0.8701707124710083,0.4923064708709717,0,0.013784999959170818,0.1663070023059845,-0.006002999842166901,1
B44,mixamorig_RightHandMiddle2,43,0.99545818567276,0.07664432376623154,0.056441012769937515,0,-0.07664432376623154,0.2940516173839569,0.9524820446968079,0,0.056441012769937515,-0.9524820446968079,0.2985934317111969,0,0.00004199999966658652,0.02859099954366684,0,1
B45,mixamorig_RightHandMiddle3,44,0.99728924036026,0.06541360914707184,0.03369073197245598,0,-0.06541360914707184,0.5786075592041016,0.81291264295578,0,0.03369073197245598,-0.81291264295578,0.5813183188438416,0,-0.000037999998312443495,0.026311000809073448,0,1
B46,mixamorig_RightHandMiddle4,45,1,0,0,0,0,1,0,0,0,0,1,0,-0.000003999999989900971,0.02469399943947792,0,1
B47,mixamorig_RightHandRing1,34,0.9966082572937012,0.0013346439227461815,-0.0812666192650795,0,0.07868301868438721,0.2365061640739441,0.9681856632232666,0,0.020747149363160133,-0.9714412689208984,0.23565125465393066,0,-0.01724500022828579,0.1778710037469864,-0.002131999935954809,1
B48,mixamorig_RightHandRing2,47,0.9953096508979797,0.07640580832958221,0.059241797775030136,0,-0.07640580832958221,0.2470857948064804,0.9650108814239502,0,0.05924138426780701,-0.9650108814239502,0.2517765462398529,0,-0.000003999999989900971,0.01920199953019619,0,1
B49,mixamorig_RightHandRing3,48,0.9983053803443909,0.05409795790910721,0.02140597440302372,0,-0.05409795790910721,0.7279469966888428,0.6832643151283264,0,0.02140597440302372,-0.6832643151283264,0.7296416163444519,0,-0.000025999999706982635,0.017619000747799873,0,1
B50,mixamorig_RightHandRing4,49,1,0,0,0,0,1,0,0,0,0,1,0,0.000029999999242136255,0.01469700038433075,0,1
B51,mixamorig_RightHandPinky1,34,0.9973261952400208,0.05962349846959114,-0.02727792039513588,0,0.01894545927643776,0.1469130665063858,0.9882165789604187,0,0.06368214637041092,-0.9864966869354248,0.14596296846866608,0,-0.03411300107836723,0.17002099752426147,0.0026910000015050173,1
B52,mixamorig_RightHandPinky2,51,0.9922295212745667,0.09636889398097992,0.07849396020174026,0,-0.09636930376291275,0.1993207037448883,0.973480224609375,0,0.07849396020174026,-0.973480224609375,0.20709100365638733,0,-0.0000470000013592653,0.019951000809669495,0,1
B53,mixamorig_RightHandPinky3,52,0.9929498434066772,0.09403648972511292,0.07213885337114334,0,-0.0998043566942215,0.3353733420372009,0.9365327954292297,0,0.06392030417919159,-0.9371294975280762,0.3423983156681061,0,-0.00004400000034365803,0.017869999632239342,0,1
B54,mixamorig_RightHandPinky4,53,1,0,0,0,0,1,0,0,0,0,1,0,0.00009100000170292333,0.014127000235021114,0,1
B55,mixamorig_LeftUpLeg,0,-0.9353184103965759,-0.18156960606575012,0.29276883602142334,0,0.34674838185310364,-0.5643196105957031,0.6664935350418091,0,0.05095536634325981,0.7255224585533142,0.5900702476501465,0,0.10385400056838989,-0.06297700107097626,-0.01758500002324581,1
B56,mixamorig_LeftLeg,55,0.9961192011833191,-0.0676925927400589,0.0514042004942894,0,0.0017236823914572597,-0.5932779908180237,-0.804668664932251,0,0.08489564061164856,0.801690399646759,-0.5908107161521912,0,0,0.3655810058116913,0,1
B57,mixamorig_LeftFoot,56,0.9703068733215332,0.20141258835792542,0.12854154407978058,0,-0.17165951430797577,0.21221089363098145,0.9618486762046814,0,0.1663067489862442,-0.9555506706237793,0.24111418426036835,0,0,0.32025501132011414,0,1
B58,mixamorig_LeftToeBase,57,0.9968963861465454,0.003462692257016897,-0.07861214876174927,0,0.04440002888441086,0.7994032502174377,0.5986180901527405,0,0.06496771425008774,-0.600255012512207,0.7967665791511536,0,0,0.135685995221138,0,1
B59,mixamorig_LeftToe_End,58,1,0,0,0,0,1,0,0,0,0,1,0,0,0.06672299653291702,0,1
B60,mixamorig_RightUpLeg,0,-0.9948134422302246,-0.04746100679039955,0.06259341537952423,0,0.07238485664129257,-0.7799168825149536,0.5654444694519043,0,0.0059355758130550385,0.5685678124427795,0.7836480736732483,0,-0.10385400056838989,-0.06297700107097626,0.004871999844908714,1
B61,mixamorig_RightLeg,60,0.9932218790054321,0.06605842709541321,0.03489917144179344,0,-0.011490213684737682,0.5049727559089661,-0.8548670411109924,0,-0.07971015572547913,0.8523421883583069,0.500227689743042,0,0,0.3654009997844696,0,1
B62,mixamorig_RightFoot,61,0.9959630370140076,0.0662916898727417,-0.05621449649333954,0,0.06698696315288544,-0.13849250972270966,0.9817760586738586,0,0.05816147103905678,-0.9816017150878906,-0.1422717124223709,0,0,0.31953901052474976,0,1
B63,mixamorig_RightToeBase,62,0.9977074861526489,-0.005583411548286676,0.06736881285905838,0,-0.03882976248860359,0.766898512840271,0.6395304203033447,0,-0.05533824861049652,-0.640687882900238,0.764919102191925,0,0,0.14167599380016327,0,1
B64,mixamorig_RightToe_End,63,1,0,0,0,0,1,0,0,0,0,1,0,0,0.0654049962759018,0,1
@52,0,1,2,3,4,5,7,8,9,10,11,12,13,15,16,17,19,20,21,23,24,25,27,28,29,31,32,33,34,35,36,37,39,40,41,43,44,45,47,48,49,51,52,53,55,56,57,58,60,61,62,63
K0.000,0.9529110193252563,-0.1393049955368042,0.2693600058555603,0,0.03184099867939949,0.9292960166931152,0.36796000599861145,0,-0.3015739917755127,-0.342056006193161,0.8899719715118408,0,-0.002469999948516488,0.6932139992713928,-0.004658999852836132,1,0.9807209968566895,0.04391700029373169,-0.1904119998216629,0,-0.013798000290989876,0.9875490069389343,0.15670299530029297,0,0.19492299854755402,-0.1510539948940277,0.9691169857978821,0,0,0.11216100305318832,-0.012102999724447727,1,0.998511016368866,0.019175000488758087,-0.05107099935412407,0,-0.018151000142097473,0.9996259808540344,0.020437000319361687,0,0.05144299939274788,-0.01947999931871891,0.9984859824180603,0,0,0.13161399960517883,0,1,0.9985520243644714,0.018763000145554543,-0.050411999225616455,0,-0.017721999436616898,0.9996219873428345,0.021028999239206314,0,0.05078800022602081,-0.02010500058531761,0.998507022857666,0,0,0.15041600167751312,0,1,0.9992690086364746,0.024411000311374664,0.02940800040960312,0,-0.02375900000333786,0.9994680285453796,-0.02233099937438965,0,-0.029937999323010445,0.021616000682115555,0.99931800365448,0,0,0.1692180037498474,0,1,0.9948019981384277,-0.0925770029425621,-0.04240899905562401,0,0.06650599837303162,0.9060720205307007,-0.41786301136016846,0,0.07711099833250046,0.41287100315093994,0.9075199961662292,0,0,0.11665599793195724,0.0029380000196397305,1,-0.28095901012420654,0.006105999927967787,-0.9596999883651733,0,0.8008490204811096,-0.5495629906654358,-0.23795099556446075,0,-0.5288689732551575,-0.8354300260543823,0.14951500296592712,0,0.051966000348329544,0.13118299841880798,-0.012628999538719654,1,0.7037500143051147,-0.5644800066947937,-0.43139201402664185,0,0.698307991027832,0.6613770127296448,0.27376601099967957,0,0.1307770013809204,-0.49390700459480286,0.8596240282058716,0,0,0.1336829960346222,0,1,0.45388200879096985,0.8794140219688416,0.14360299706459045,0,-0.8769369721412659,0.4122669994831085,0.2470179945230484,0,0.1580290049314499,-0.2380480021238327,0.9583110213279724,0,0,0.22105200588703156,0,1,0.8611270189285278,0.11038199812173843,-0.4962620139122009,0,-0.24540400505065918,0.94514000415802,-0.21560700237751007,0,0.44523799419403076,0.30744999647140503,0.840973973274231,0,0,0.17756600677967072,0,1,0.7376189827919006,0.6749299764633179,0.01971299946308136,0,-0.6741949915885925,0.7345809936523438,0.07649800181388855,0,0.03714999929070473,-0.06971699744462967,0.996874988079071,0,-0.016126999631524086,0.05376400053501129,0.015052000060677528,1,0.7031159996986389,-0.710053026676178,0.03810200095176697,0,0.6797959804534912,0.6869400143623352,0.25688600540161133,0,-0.2085770070552826,-0.15471899509429932,0.965690016746521,0,0.0035500000230968,0.04635600000619888,0,1,0.6782860159873962,0.6748440265655518,-0.290710985660553,0,-0.7333739995956421,0.6463549733161926,-0.21068400144577026,0,0.04572400078177452,0.3561039865016937,0.9333270192146301,0,-0.0074280002154409885,0.03454999998211861,0,1,0.9593510031700134,0.28109800815582275,0.025095999240875244,0,-0.2626509964466095,0.8567709922790527,0.4437980055809021,0,0.10324999690055847,-0.4323500096797943,0.8957750201225281,0,-0.031122999265789986,0.14032800495624542,0.000037000001611886546,1,0.9969879984855652,-0.05819699913263321,-0.051263000816106796,0,0.061475999653339386,0.1900629997253418,0.9798449873924255,0,-0.04728100076317787,-0.9800459742546082,0.1930679976940155,0,-0.00010399999882793054,0.025721000507473946,0,1,0.9995790123939514,-0.028392000123858452,-0.005969999823719263,0,0.027490999549627304,0.8610979914665222,0.5076950192451477,0,-0.009273000061511993,-0.5076450109481812,0.861515998840332,0,-0.000024000000848900527,0.024692000821232796,0,1,0.9938820004463196,0.07336600124835968,0.08256500214338303,0,-0.11039000004529953,0.6846460103988647,0.7204679846763611,0,-0.0036700000055134296,-0.7251740097999573,0.6885560154914856,0,-0.01348899956792593,0.14750300347805023,-0.005807000212371349,1,0.9933199882507324,-0.09774599969387054,-0.06133599951863289,0,0.0958859995007515,0.40339601039886475,0.9099879860877991,0,-0.06420499831438065,-0.9097899794578552,0.41007301211357117,0,-0.000045000000682193786,0.030094999819993973,0,1,0.9978049993515015,-0.06374599784612656,-0.017924999818205833,0,0.06304799765348434,0.8318290114402771,0.5514400005340576,0,-0.02024099975824356,-0.551360011100769,0.8340219855308533,0,0.00007300000288523734,0.028284000232815742,0,1,0.9962400197982788,0.02621999941766262,0.08257400244474411,0,-0.08005400002002716,0.6430130004882812,0.7616599798202515,0,-0.03312499821186066,-0.7654060125350952,0.6426939964294434,0,0.01270699966698885,0.1474280059337616,-0.0036170000676065683,1,0.9864199757575989,-0.13047899305820465,-0.09975499659776688,0,0.12744900584220886,0.22498899698257446,0.9659900069236755,0,-0.10359799861907959,-0.9655849933624268,0.23856300115585327,0,0.00003300000025774352,0.026302000507712364,0,1,0.9971039891242981,-0.07360900193452835,-0.019130000844597816,0,0.07377699762582779,0.8750450015068054,0.4783860146999359,0,-0.018473999574780464,-0.478412002325058,0.8779410123825073,0,0.00004999999873689376,0.024826999753713608,0,1,0.9972969889640808,-0.030657000839710236,0.066771000623703,0,-0.03763499855995178,0.5673570036888123,0.8226109743118286,0,-0.06310199946165085,-0.8229010105133057,0.5646700263023376,0,0.03190400078892708,0.13796499371528625,-0.0007270000060088933,1,0.9884160161018372,-0.1354299932718277,-0.06850499659776688,0,0.13117900490760803,0.5353220105171204,0.8343989849090576,0,-0.07632999867200851,-0.8337200284004211,0.5468869805335999,0,0.00007500000356230885,0.02375200018286705,0,1,0.9946780204772949,-0.09861599653959274,-0.029839999973773956,0,0.09869399666786194,0.8288080096244812,0.5507599711418152,0,-0.02958199940621853,-0.5507739782333374,0.8341299891471863,0,0.00006600000051548705,0.01880500093102455,0,1,0.2465669959783554,0.009417999535799026,0.9690799713134766,0,-0.7042999863624573,-0.6851419806480408,0.18585599958896637,0,0.665706992149353,-0.728348970413208,-0.1623000055551529,0,-0.051966000348329544,0.1293639987707138,0.004224000032991171,1,0.9167190194129944,-0.3988629877567291,0.023130999878048897,0,0.38674798607826233,0.9004240036010742,0.19915400445461273,0,-0.10026299953460693,-0.1736229956150055,0.9796950221061707,0,0,0.1336829960346222,0,1,-0.12109900265932083,-0.9481520056724548,0.2938399910926819,0,0.948852002620697,-0.19751900434494019,-0.2463030070066452,0,0.2915720045566559,0.24898399412631989,0.9235759973526001,0,0,0.22106599807739258,0,1,0.9355250000953674,-0.08185900002717972,0.34364399313926697,0,0.13230000436306,0.9831730127334595,-0.12596899271011353,0,-0.3275499939918518,0.16331200301647186,0.9306129813194275,0,0,0.1758909970521927,0,1,0.7284899950027466,-0.6446380019187927,-0.23183000087738037,0,0.6843709945678711,0.6696879863739014,0.2883650064468384,0,-0.030636999756097794,-0.36872899532318115,0.929032027721405,0,0.02535099908709526,0.06798099726438522,0.018378999084234238,1,0.7693319916725159,0.6309869885444641,0.09991800040006638,0,-0.638355016708374,0.7654269933700562,0.08139300346374512,0,-0.02512199990451336,-0.12640100717544556,0.991661012172699,0,-0.006049000192433596,0.05956999957561493,0,1,0.9054359793663025,-0.4228059947490692,0.03769500181078911,0,0.420989990234375,0.8830689787864685,-0.20725999772548676,0,0.054343000054359436,0.20352999866008759,0.977558970451355,0,0.004126000218093395,0.04319800063967705,0,1,0.9949629902839661,-0.0667480006814003,-0.07478400319814682,0,0.09848000109195709,0.5117200016975403,0.8534889817237854,0,-0.018699999898672104,-0.8565549850463867,0.515716016292572,0,0.03757299855351448,0.1624079942703247,0.003258999902755022,1,0.9975069761276245,0.06088000163435936,0.035679999738931656,0,-0.06088100001215935,0.48683300614356995,0.8713709712028503,0,0.03567900136113167,-0.8713709712028503,0.48932600021362305,0,-0.000003999999989900971,0.02348800003528595,0,1,0.9991269707679749,0.039868999272584915,0.012498999945819378,0,-0.039868999272584915,0.8202390074729919,0.5706290006637573,0,0.012497999705374241,-0.5706290006637573,0.8211129903793335,0,-0.00002099999983329326,0.0218260008841753,0,1,0.9975150227546692,-0.027504999190568924,-0.06486999988555908,0,0.07012700289487839,0.47696200013160706,0.876121997833252,0,0.0068430001847445965,-0.8784930109977722,0.4777059853076935,0,0.013784999959170818,0.1663070023059845,-0.006002999842166901,1,0.9955660104751587,0.07623700052499771,0.05510300025343895,0,-0.07623700052499771,0.3107849955558777,0.9474179744720459,0,0.05510300025343895,-0.9474179744720459,0.3152190148830414,0,0.00004199999966658652,0.02859099954366684,0,1,0.9972440004348755,0.0658160001039505,0.03425399959087372,0,-0.0658160001039505,0.5715619921684265,0.8179150223731995,0,0.03425399959087372,-0.8179150223731995,0.574317991733551,0,-0.000037999998312443495,0.026311000809073448,0,1,0.995851993560791,-0.003378000110387802,-0.09092400223016739,0,0.08885099738836288,0.25134798884391785,0.9638100266456604,0,0.01959799975156784,-0.9678909778594971,0.2506049871444702,0,-0.01724500022828579,0.1778710037469864,-0.002131999935954809,1,0.99509197473526,0.07713200151920319,0.06198899820446968,0,-0.07713200151920319,0.2121720016002655,0.974183976650238,0,0.06198899820446968,-0.974183976650238,0.2170799970626831,0,-0.000003999999989900971,0.01920199953019619,0,1,0.9982420206069946,0.054954998195171356,0.02220500074326992,0,-0.054954998195171356,0.7177879810333252,0.6940889954566956,0,0.02220500074326992,-0.6940889954566956,0.7195460200309753,0,-0.000025999999706982635,0.017619000747799873,0,1,0.9983119964599609,0.038242001086473465,-0.04371099919080734,0,0.036437999457120895,0.1736609935760498,0.9841309785842896,0,0.045226000249385834,-0.9840630292892456,0.17197400331497192,0,-0.03411300107836723,0.17002099752426147,0.0026910000015050173,1,0.9917719960212708,0.09736499935388565,0.08311200141906738,0,-0.09736499935388565,0.15221500396728516,0.9835399985313416,0,0.08311200141906738,-0.9835399985313416,0.16044199466705322,0,-0.0000470000013592653,0.019951000809669495,0,1,0.9927819967269897,0.09451500326395035,0.07383400201797485,0,-0.10040999948978424,0.3183189928531647,0.9426509737968445,0,0.06559199839830399,-0.9432600140571594,0.32551100850105286,0,-0.00004400000034365803,0.017869999632239342,0,1,-0.9371640086174011,-0.12319699674844742,0.32641398906707764,0,0.3487299978733063,-0.3590039908885956,0.8657389879226685,0,0.010526999831199646,0.9251700043678284,0.37940800189971924,0,0.10385400056838989,-0.06297700107097626,-0.01758500002324581,1,0.9978089928627014,-0.054058998823165894,0.03814199939370155,0,-0.002621999941766262,-0.6083750128746033,-0.793645977973938,0,0.06610800325870514,0.7918069958686829,-0.6071839928627014,0,0,0.3655810058116913,0,1,0.963346004486084,0.23110400140285492,0.13621999323368073,0,-0.18685799837112427,0.2137259989976883,0.9588559865951538,0,0.19248199462890625,-0.9491639733314514,0.2490749955177307,0,0,0.32025501132011414,0,1,0.997035026550293,0.004279000218957663,-0.07683099806308746,0,0.044061001390218735,0.786827027797699,0.6155980229377747,0,0.06308700144290924,-0.6171579957008362,0.784305989742279,0,0,0.135685995221138,0,1,-0.999538004398346,-0.00458399998024106,0.030060000717639923,0,0.016387000679969788,-0.913936972618103,0.40552499890327454,0,0.025614000856876373,0.4058299958705902,0.9135900139808655,0,-0.10385400056838989,-0.06297700107097626,0.004871999844908714,1,0.9898970127105713,0.09883400052785873,0.10166099667549133,0,0.0247150007635355,0.5857449769973755,-0.8101180195808411,0,-0.139614999294281,0.8044459819793701,0.5773850083351135,0,0,0.3654009997844696,0,1,0.9954079985618591,0.08298599720001221,-0.04770499840378761,0,0.06578800082206726,-0.23110899329185486,0.9707009792327881,0,0.06953000277280807,-0.9693819880485535,-0.23550699651241302,0,0,0.31953901052474976,0,1,0.9978770017623901,-0.00648199999704957,0.06480800360441208,0,-0.03822699934244156,0.747331976890564,0.663349986076355,0,-0.05273300036787987,-0.6644189953804016,0.7454969882965088,0,0,0.14167599380016327,0,1
K0.033,0.9677881598472595,-0.058973055332899094,0.24476127326488495,0,-0.032833654433488846,0.9343128800392151,0.35493922233581543,0,-0.24961495399475098,-0.35154232382774353,0.9022800326347351,0,0.00020000933727715164,0.6979580521583557,-0.01232799794524908,1,0.96645587682724,-0.02137874811887741,-0.2559422552585602,0,0.05588366091251373,0.9901580214500427,0.12831345200538635,0,0.25068023800849915,-0.1383126676082611,0.9581379890441895,0,0,0.11216100305318832,-0.012102999724447727,1,0.9974690079689026,0.00965388584882021,-0.07044908404350281,0,-0.0085808876901865,0.9998430013656616,0.015515956096351147,0,0.07058808207511902,-0.014871964231133461,0.9973949790000916,0,0,0.13161399960517883,0,1,0.9974960088729858,0.009311887435615063,-0.07011108845472336,0,-0.00821588933467865,0.9998400211334229,0.01590595208108425,0,0.0702480897307396,-0.015289959497749805,0.9974120259284973,0,0,0.15041600167751312,0,1,0.9990400075912476,0.013635874725878239,0.04163108766078949,0,-0.012633872218430042,0.9996259808540344,-0.024234000593423843,0,-0.041946087032556534,0.02368500642478466,0.9988390207290649,0,0,0.1692180037498474,0,1,0.9953818321228027,-0.03901345655322075,0.08770523220300674,0,0.07068388909101486,0.9160872101783752,-0.39469948410987854,0,-0.06494738161563873,0.3990764915943146,0.9146140217781067,0,0,0.11665599793195724,0.0029380000196397305,1,-0.2837674617767334,-0.003685034578666091,-0.9588861465454102,0,0.8188331723213196,-0.5213058590888977,-0.24031755328178406,0,-0.49898695945739746,-0.8533620834350586,0.15094773471355438,0,0.051966000348329544,0.13118299841880798,-0.012628999538719654,1,0.5960162281990051,-0.6724468469619751,-0.43883955478668213,0,0.7748783230781555,0.6249686479568481,0.09475336223840714,0,0.21054475009441376,-0.3965218663215637,0.893555223941803,0,0,0.1336829960346222,0,1,0.3507959544658661,0.9204003214836121,0.17264127731323242,0,-0.9178082942962646,0.3013139069080353,0.2585310935974121,0,0.18593327701091766,-0.2491430789232254,0.9504509568214417,0,0,0.22105200588703156,0,1,0.8675751090049744,0.11011700332164764,-0.4849608242511749,0,-0.240410715341568,0.9465231895446777,-0.21516457200050354,0,0.4353339672088623,0.3032614588737488,0.8476541638374329,0,0,0.17756600677967072,0,1,0.7376189827919006,0.6749299764633179,0.01971299946308136,0,-0.6741949915885925,0.7345809936523438,0.07649800181388855,0,0.03714999929070473,-0.06971699744462967,0.996874988079071,0,-0.016126999631524086,0.05376400053501129,0.015052000060677528,1,0.7047010660171509,-0.7085099220275879,0.037556979805231094,0,0.6785519123077393,0.6884780526161194,0.2560559809207916,0,-0.20727594196796417,-0.15495899319648743,0.9659320116043091,0,0.0035500000230968,0.04635600000619888,0,1,0.6886278986930847,0.671518087387085,-0.27359622716903687,0,-0.7238761186599731,0.6586818099021912,-0.20528407394886017,0,0.042361047118902206,0.33941423892974854,0.9396829009056091,0,-0.0074280002154409885,0.03454999998211861,0,1,0.9583010077476501,0.28525006771087646,0.017075736075639725,0,-0.26404500007629395,0.8610472679138184,0.43459945917129517,0,0.10926608741283417,-0.4209864139556885,0.9004622101783752,0,-0.031122999265789986,0.14032800495624542,0.000037000001611886546,1,0.9968969821929932,-0.05846000462770462,-0.05271301046013832,0,0.06182900443673134,0.16707481443881989,0.984004020690918,0,-0.04871801286935806,-0.9842100143432617,0.17017081379890442,0,-0.00010399999882793054,0.025721000507473946,0,1,0.9995800256729126,-0.028356997296214104,-0.005952999461442232,0,0.02745799906551838,0.8614029884338379,0.5071790218353271,0,-0.009253999218344688,-0.5071300268173218,0.8618199825286865,0,-0.000024000000848900527,0.024692000821232796,0,1,0.992542028427124,0.08074217289686203,0.09132814407348633,0,-0.12184622138738632,0.6798320412635803,0.7231748700141907,0,-0.0036969895008951426,-0.7289099097251892,0.6846001148223877,0,-0.01348899956792593,0.14750300347805023,-0.005807000212371349,1,0.9932460188865662,-0.09806700050830841,-0.06200800836086273,0,0.09618599712848663,0.39706993103027344,0.9127339720726013,0,-0.06488800793886185,-0.9125339984893799,0.4038209319114685,0,-0.000045000000682193786,0.030094999819993973,0,1,0.9977909922599792,-0.06392800807952881,-0.018046002835035324,0,0.06322600692510605,0.8307069540023804,0.5531080365180969,0,-0.020368004217743874,-0.5530280470848083,0.8329139351844788,0,0.00007300000288523734,0.028284000232815742,0,1,0.9960860013961792,0.02847999893128872,0.08367598801851273,0,-0.08210598677396774,0.6486880779266357,0.7566119432449341,0,-0.03273099660873413,-0.7605209350585938,0.6484880447387695,0,0.01270699966698885,0.1474280059337616,-0.0036170000676065683,1,0.9861260056495667,-0.13102999329566956,-0.10191100835800171,0,0.1279360055923462,0.20874391496181488,0.9695659875869751,0,-0.10576900839805603,-0.9691529870033264,0.22261090576648712,0,0.00003300000025774352,0.026302000507712364,0,1,0.9971519708633423,-0.07303600013256073,-0.018790001049637794,0,0.0732010006904602,0.8774309754371643,0.4740860164165497,0,-0.018139000982046127,-0.47411102056503296,0.8802779912948608,0,0.00004999999873689376,0.024826999753713608,0,1,0.9971579909324646,-0.025607071816921234,0.07085594534873962,0,-0.042769916355609894,0.581849992275238,0.8121709823608398,0,-0.062025029212236404,-0.8128929734230042,0.579101026058197,0,0.03190400078892708,0.13796499371528625,-0.0007270000060088933,1,0.9882339835166931,-0.13618800044059753,-0.06961499899625778,0,0.13187000155448914,0.5280929803848267,0.8388850092887878,0,-0.07748299837112427,-0.8381950259208679,0.5398390293121338,0,0.00007500000356230885,0.02375200018286705,0,1,0.9946720004081726,-0.09866400063037872,-0.029874002560973167,0,0.09874100238084793,0.8286030292510986,0.5510590076446533,0,-0.02961600199341774,-0.5510730147361755,0.833931028842926,0,0.00006600000051548705,0.01880500093102455,0,1,0.22237251698970795,-0.00033607336808927357,0.9749621152877808,0,-0.7480823397636414,-0.6413537263870239,0.17040464282035828,0,0.6252387762069702,-0.7672452330589294,-0.1428707093000412,0,-0.051966000348329544,0.1293639987707138,0.004224000032991171,1,0.8950363397598267,-0.4437048137187958,-0.04512718692421913,0,0.4459898769855499,0.8908075094223022,0.08691737800836563,0,0.0016334475949406624,-0.09792079776525497,0.9951928853988647,0,0,0.1336829960346222,0,1,-0.23042163252830505,-0.9181942343711853,0.3222174048423767,0,0.9188722372055054,-0.3142947554588318,-0.2385198026895523,0,0.32027941942214966,0.24111680686473846,0.9161238670349121,0,0,0.22106599807739258,0,1,0.8868905305862427,0.14617884159088135,0.43824198842048645,0,0.12610183656215668,0.8359947800636292,-0.5340515375137329,0,-0.44443479180336,0.5289086699485779,0.7230023741722107,0,0,0.1758909970521927,0,1,0.7284899950027466,-0.6446369886398315,-0.23183000087738037,0,0.6843709945678711,0.6696879863739014,0.2883650064468384,0,-0.030636999756097794,-0.36872899532318115,0.929032027721405,0,0.02535099908709526,0.06798099726438522,0.018378999084234238,1,0.7793468832969666,0.6184141635894775,0.10090598464012146,0,-0.6257891654968262,0.7763398289680481,0.0753970816731453,0,-0.0317109040915966,-0.12190605700016022,0.9920349717140198,0,-0.006049000192433596,0.05956999957561493,0,1,0.9064719676971436,-0.4207670986652374,0.03554517403244972,0,0.4185561239719391,0.8841859698295593,-0.20742805302143097,0,0.05584988743066788,0.20290511846542358,0.9776039719581604,0,0.004126000218093395,0.04319800063967705,0,1,0.9937649965286255,-0.07546301186084747,-0.08207891136407852,0,0.1084139347076416,0.4820951223373413,0.8693849444389343,0,-0.026036040857434273,-0.8728629350662231,0.48727113008499146,0,0.03757299855351448,0.1624079942703247,0.003258999902755022,1,0.9975110292434692,0.06084999069571495,0.03562598675489426,0,-0.06084999069571495,0.4876081943511963,0.8709388971328735,0,0.03562498465180397,-0.8709399104118347,0.49009719491004944,0,-0.000003999999989900971,0.02348800003528595,0,1,0.9991199970245361,0.04000300541520119,0.012592003680765629,0,-0.04000300541520119,0.8188879489898682,0.5725570321083069,0,0.012593003921210766,-0.5725570321083069,0.819767951965332,0,-0.00002099999983329326,0.0218260008841753,0,1,0.9993550181388855,-0.00944609846919775,-0.034647151827812195,0,0.03505517914891243,0.46606212854385376,0.8840569257736206,0,0.007795991841703653,-0.8847019672393799,0.4660921096801758,0,0.013784999959170818,0.1663070023059845,-0.006002999842166901,1,0.995648980140686,0.075888991355896,0.054066989570856094,0,-0.075888991355896,0.32374516129493713,0.9430959224700928,0,0.054066989570856094,-0.9430959224700928,0.32809513807296753,0,0.00004199999966658652,0.02859099954366684,0,1,0.9971960186958313,0.06622900068759918,0.03485100343823433,0,-0.06622900068759918,0.5640979409217834,0.8230469822883606,0,0.03485000506043434,-0.8230469822883606,0.5669029355049133,0,-0.000037999998312443495,0.026311000809073448,0,1,0.9953020215034485,-0.008252962492406368,-0.09646984934806824,0,0.09509684890508652,0.27060404419898987,0.9579820036888123,0,0.018199000507593155,-0.9626550078392029,0.27011704444885254,0,-0.01724500022828579,0.1778710037469864,-0.002131999935954809,1,0.9949150085449219,0.07758498936891556,0.0642249658703804,0,-0.07758498936891556,0.18374843895435333,0.9799068570137024,0,0.0642249658703804,-0.9799068570137024,0.18883343040943146,0,-0.000003999999989900971,0.01920199953019619,0,1,0.9982010126113892,0.05548999458551407,0.022726995870471,0,-0.05548999458551407,0.7111590504646301,0.7008379697799683,0,0.022726995870471,-0.7008379697799683,0.7129590511322021,0,-0.000025999999706982635,0.017619000747799873,0,1,0.998075008392334,0.03558003157377243,-0.05079692602157593,0,0.04336192458868027,0.1852179616689682,0.9817399978637695,0,0.04433901607990265,-0.9820529818534851,0.18331895768642426,0,-0.03411300107836723,0.17002099752426147,0.0026910000015050173,1,0.9913849830627441,0.0978899896144867,0.0870259702205658,0,-0.0978899896144867,0.11228832602500916,0.9888419508934021,0,0.0870259702205658,-0.9888419508934021,0.12090332806110382,0,-0.0000470000013592653,0.019951000809669495,0,1,0.9927020072937012,0.09471999853849411,0.07464198768138885,0,-0.10067599266767502,0.31017211079597473,0.9453349113464355,0,0.0663909837603569,-0.945949912071228,0.3174441158771515,0,-0.00004400000034365803,0.017869999632239342,0,1,-0.9557212591171265,-0.03176219388842583,0.29255491495132446,0,0.29404890537261963,-0.14200188219547272,0.9451833367347717,0,0.011522418819367886,0.9893571138381958,0.14505375921726227,0,0.10385400056838989,-0.06297700107097626,-0.01758500002324581,1,0.9944319725036621,-0.09195087850093842,0.051471807062625885,0,0.002962132217362523,-0.4638642966747284,-0.8859009742736816,0,0.1053357943892479,0.8811209797859192,-0.46100932359695435,0,0,0.3655810058116913,0,1,0.9613322019577026,0.23877009749412537,0.1372218132019043,0,-0.19788362085819244,0.25236976146698,0.9471808075904846,0,0.1915280818939209,-0.9377089142799377,0.2898606061935425,0,0,0.32025501132011414,0,1,0.9962249994277954,-0.0007159955566748977,-0.08680599182844162,0,0.04562000185251236,0.855070948600769,0.5165000557899475,0,0.07385599613189697,-0.5185110569000244,0.8518759608268738,0,0,0.135685995221138,0,1,-0.9924036860466003,0.1076071560382843,-0.059625908732414246,0,-0.11586493253707886,-0.9804549217224121,0.1590033769607544,0,-0.04135028272867203,0.16470468044281006,0.9854750037193298,0,-0.10385400056838989,-0.06297700107097626,0.004871999844908714,1,0.9858899712562561,0.06157165765762329,0.15566013753414154,0,0.05699484050273895,0.7508656978607178,-0.6579903364181519,0,-0.15739308297634125,0.6575782895088196,0.7367616891860962,0,0,0.3654009997844696,0,1,0.9939708709716797,0.10920366644859314,-0.009814499877393246,0,0.020768849179148674,-0.09962905943393707,0.9948065876960754,0,0.10765877366065979,-0.9890135526657104,-0.10129710286855698,0,0,0.31953901052474976,0,1,0.9989399909973145,-0.010201903060078621,0.04489567130804062,0,-0.03082280606031418,0.5761651396751404,0.8167514204978943,0,-0.03419969975948334,-0.8172694444656372,0.5752391219139099,0,0,0.14167599380016327,0,1
