1.000,30,30,65
B0,mixamorig_Hips,-1,0.9994348287582397,-0.03180798888206482,0.01042543537914753,0,0.03168049454689026,0.9994200468063354,0.01242790650576353,0,-0.01081382017582655,-0.012088381685316563,0.9998634457588196,0,0.00027270521968603134,0.8000041246414185,-0.00021928937349002808,1
B1,mixamorig_Spine,0,0.9997747540473938,-0.0029966498259454966,-0.020971592515707016,0,0.0008668201044201851,0.994905948638916,-0.10080845654010773,0,0.021166536957025528,0.10076772421598434,0.9946847558021545,0,0,0.11216100305318832,-0.012102999724447727,1
B2,mixamorig_Spine1,1,0.9991511702537537,0.0024102008901536465,-0.04108501225709915,0,-0.0018580759642645717,0.9999080300331116,0.013454468920826912,0,0.04111328721046448,-0.013366928324103355,0.9990634322166443,0,0,0.13161399960517883,0,1
B3,mixamorig_Spine2,2,0.9991511702537537,0.0024102008901536465,-0.04108501225709915,0,-0.0018580759642645717,0.9999080300331116,0.013454468920826912,0,0.04111328721046448,-0.013366928324103355,0.9990634322166443,0,0,0.15041600167751312,0,1
B4,mixamorig_Neck,3,0.9996069073677063,0.0192190520465374,0.020266247913241386,0,-0.021766291931271553,0.9907371997833252,0.13397032022476196,0,-0.017494797706604004,-0.13436049222946167,0.9907717108726501,0,0,0.1692180037498474,0,1
B5,mixamorig_Head,4,0.9990256428718567,0.00569200050085783,0.04373423755168915,0,-0.0068465061485767365,0.9996278882026672,0.026264704763889313,0,-0.04356535151600838,-0.026539795100688934,0.9986957311630249,0,0,0.11665599793195724,0.0029380000196397305,1
B6,mixamorig_HeadTop_End,5,1,0,0,0,0,1,0,0,0,0,1,0,0,0.21303200721740723,0.005365000106394291,1
B7,mixamorig_LeftShoulder,3,-0.02566342055797577,0.02962256781756878,-0.9992273449897766,0,0.7881827354431152,-0.6142313480377197,-0.038454391062259674,0,-0.6148970127105713,-0.7885679602622986,-0.00758941238746047,0,0.051966000348329544,0.13118299841880798,-0.012628999538719654,1
B8,mixamorig_LeftArm,7,0.9587531089782715,-0.27959302067756653,0.04897985979914665,0,0.22083915770053864,0.8431254625320435,0.4900532364845276,0,-0.17836356163024902,-0.4591444432735443,0.8702697157859802,0,0,0.1336829960346222,0,1
B9,mixamorig_LeftForeArm,8,0.8441969752311707,0.471691757440567,-0.25457024574279785,0,-0.3798932731151581,0.8615861535072327,0.33664098381996155,0,0.37814033031463623,-0.18749792873859406,0.9065572619438171,0,0,0.22105200588703156,0,1
B10,mixamorig_LeftHand,9,0.827951192855835,0.09707849472761154,-0.5523273348808289,0,-0.18607783317565918,0.9766586422920227,-0.10727664083242416,0,0.5290231704711914,0.19159355759620667,0.8266942501068115,0,0,0.17756600677967072,0,1
B11,mixamorig_LeftHandThumb1,10,0.8656060099601746,0.43430399894714355,0.24921099841594696,0,-0.49994900822639465,0.7219150066375732,0.4784240126609802,0,0.027872955426573753,-0.5387200117111206,0.842024028301239,0,-0.016126999631524086,0.05376400053501129,0.015052000060677528,1
B12,mixamorig_LeftHandThumb2,11,0.9149839878082275,-0.40314000844955444,0.016813000664114952,0,0.403439998626709,0.9147329926490784,-0.022359000518918037,0,-0.006364999804645777,0.027241000905632973,0.9996089935302734,0,0.0035500000230968,0.04635600000619888,0,1
B13,mixamorig_LeftHandThumb3,12,0.9354379773139954,0.35349100828170776,0.0006539999740198255,0,-0.35349100828170776,0.9354379773139954,-0.00009804499859455973,0,-0.0006459999713115394,-0.00013899999612476677,1,0,-0.0074280002154409885,0.03454999998211861,0,1
B14,mixamorig_LeftHandThumb4,13,1,0,0,0,0,1,0,0,0,0,1,0,0.003877999959513545,0.025716999545693398,0,1
B15,mixamorig_LeftHandIndex1,10,0.9826340079307556,0.1851118952035904,-0.012753274291753769,0,-0.14344872534275055,0.8014475703239441,0.5805642008781433,0,0.11769143491983414,-0.5686533451080322,0.8140843510627747,0,-0.031122999265789986,0.14032800495624542,0.000037000001611886546,1
B16,mixamorig_LeftHandIndex2,15,0.9885684847831726,0.10824919492006302,0.10492873936891556,0,-0.13329508900642395,0.30256372690200806,0.94367516040802,0,0.07043121755123138,-0.9468755722045898,0.3135386109352112,0,-0.00010399999882793054,0.025721000507473946,0,1
B17,mixamorig_LeftHandIndex3,16,0.9999889731407166,0.004672999959439039,0.0005000000237487257,0,-0.004672999959439039,0.9999889731407166,-0.000003000000106112566,0,-0.0005000000237487257,9.550004733682727e-7,1,0,-0.000024000000848900527,0.024692000821232796,0,1
B18,mixamorig_LeftHandIndex4,17,1,0,0,0,0,1,0,0,0,0,1,0,0.0001289999927394092,0.02144699916243553,0,1
B19,mixamorig_LeftHandMiddle1,10,0.9723368287086487,0.19174160063266754,0.13340218365192413,0,-0.21764670312404633,0.5363632440567017,0.8154118061065674,0,0.08479653298854828,-0.8218890428543091,0.5632582306861877,0,-0.01348899956792593,0.14750300347805023,-0.005807000212371349,1
B20,mixamorig_LeftHandMiddle2,19,0.9900127053260803,0.08718269318342209,0.11077985167503357,0,-0.10698463022708893,-0.04698605090379715,0.9930663704872131,0,0.09180034697055817,-0.9950007796287537,-0.03718820586800575,0,-0.000045000000682193786,0.030094999819993973,0,1
B21,mixamorig_LeftHandMiddle3,20,0.9999939799308777,-0.0035329998936504126,0.0002010000025620684,0,0.0035329998936504126,0.9999939799308777,9.999999974752427e-7,0,-0.0002010000025620684,0,1,0,0.00007300000288523734,0.028284000232815742,0,1
B22,mixamorig_LeftHandMiddle4,21,1,0,0,0,0,1,0,0,0,0,1,0,-0.000028000000384054147,0.02418600022792816,0,1
B23,mixamorig_LeftHandRing1,10,0.9778138399124146,0.013340713456273079,0.20905038714408875,0,-0.1842586100101471,0.529483437538147,0.8280390501022339,0,-0.09964219480752945,-0.8481871485710144,0.5201947689056396,0,0.01270699966698885,0.1474280059337616,-0.0036170000676065683,1
B24,mixamorig_LeftHandRing2,23,0.9984461069107056,0.043695054948329926,0.03458143770694733,0,-0.03035571053624153,-0.09388218075037003,0.9950376152992249,0,0.04672893509268761,-0.994540810585022,-0.0924103707075119,0,0.00003300000025774352,0.026302000507712364,0,1
B25,mixamorig_LeftHandRing3,24,0.9999579787254333,-0.009186999872326851,-0.00006395499804057181,0,0.009186999872326851,0.9999579787254333,-9.999999974752427e-7,0,0.00006395499804057181,0,1,0,0.00004999999873689376,0.024826999753713608,0,1
B26,mixamorig_LeftHandRing4,25,1,0,0,0,0,1,0,0,0,0,1,0,-0.00008299999899463728,0.019443999975919724,0,1
B27,mixamorig_LeftHandPinky1,10,0.9580163955688477,-0.08589000999927521,0.27354496717453003,0,-0.22300399839878082,0.3764245808124542,0.8991811871528625,0,-0.1801997721195221,-0.9224319458007812,0.3414669334888458,0,0.03190400078892708,0.13796499371528625,-0.0007270000060088933,1
B28,mixamorig_LeftHandPinky2,27,0.9985316395759583,0.05019581690430641,-0.02038494125008583,0,0.01703978143632412,0.06614577770233154,0.997582197189331,0,0.0514172799885273,-0.9964646100997925,0.06519416719675064,0,0.00007500000356230885,0.02375200018286705,0,1
B29,mixamorig_LeftHandPinky3,28,0.9999390244483948,-0.01103300042450428,-0.000022000000171829015,0,0.01103300042450428,0.9999390244483948,-4.4724941523736905e-13,0,0.000022000000171829015,0,1,0,0.00006600000051548705,0.01880500093102455,0,1
B30,mixamorig_LeftHandPinky4,29,1,0,0,0,0,1,0,0,0,0,1,0,-0.00014099999680183828,0.017534999176859856,0,1
B31,mixamorig_RightShoulder,3,0.23176541924476624,-0.01910962536931038,0.972582221031189,0,-0.758160412311554,-0.6299646496772766,0.16829654574394226,0,0.6094767451286316,-0.7763815522193909,-0.16048680245876312,0,-0.051966000348329544,0.1293639987707138,0.004224000032991171,1
B32,mixamorig_RightArm,31,0.9843130111694336,0.17505110800266266,-0.008127572014927864,0,-0.14926280081272125,0.8618600368499756,0.4842357933521271,0,0.091893270611763,-0.4755573272705078,0.8748549222946167,0,0,0.1336829960346222,0,1
B33,mixamorig_RightForeArm,32,0.7165176868438721,-0.6887118816375732,0.11060716211795807,0,0.6761770248413086,0.7247259616851807,0.13223308324813843,0,-0.1712188571691513,-0.019989782944321632,0.985013484954834,0,0,0.22106599807739258,0,1
B34,mixamorig_RightHand,33,0.959786057472229,0.23622748255729675,0.15133322775363922,0,-0.22697164118289948,0.9708800315856934,-0.07603798061609268,0,-0.16492047905921936,0.03866532817482948,0.9855420589447021,0,0,0.1758909970521927,0,1
B35,mixamorig_RightHandThumb1,34,0.8092293739318848,-0.5424627661705017,-0.22554557025432587,0,0.5873720049858093,0.7397021651268005,0.3283440172672272,0,-0.011288207024335861,-0.39818331599235535,0.9172277450561523,0,0.02535099908709526,0.06798099726438522,0.018378999084234238,1
B36,mixamorig_RightHandThumb2,35,0.8448374271392822,0.372260719537735,0.38427549600601196,0,-0.43789583444595337,0.8937898278236389,0.09687495976686478,0,-0.3073979318141937,-0.2501174509525299,0.918120265007019,0,-0.006049000192433596,0.05956999957561493,0,1
B37,mixamorig_RightHandThumb3,36,0.999193012714386,-0.03927304595708847,0.008477999828755856,0,0.03927899897098541,0.9992280006408691,-0.00046999999904073775,0,-0.008453000336885452,0.0008030000026337802,0.9999639987945557,0,0.004126000218093395,0.04319800063967705,0,1
B38,mixamorig_RightHandThumb4,37,1,0,0,0,0,1,0,0,0,0,1,0,0.0019229999743402004,0.034324999898672104,0,1
B39,mixamorig_RightHandIndex1,34,0.9966753125190735,-0.07206668704748154,-0.03801142796874046,0,0.07886385917663574,0.7360724210739136,0.672270655632019,0,-0.020469464361667633,-0.6730337738990784,0.7393088340759277,0,0.03757299855351448,0.1624079942703247,0.003258999902755022,1
B40,mixamorig_RightHandIndex2,39,0.994773268699646,-0.03819561377167702,-0.09469732642173767,0,0.10202054679393768,0.33299750089645386,0.9373819828033447,0,-0.004272174090147018,-0.9421443939208984,0.33515387773513794,0,-0.000003999999989900971,0.02348800003528595,0,1
B41,mixamorig_RightHandIndex3,40,1,0,0,0,0,1,0,0,0,0,1,0,-0.00002099999983329326,0.0218260008841753,0,1
B42,mixamorig_RightHandIndex4,41,1,0,0,0,0,1,0,0,0,0,1,0,0.00002499999936844688,0.0189449992030859,0,1
B43,mixamorig_RightHandMiddle1,34,0.9928461909294128,-0.07690365612506866,-0.09133021533489227,0,0.11935857683420181,0.6203776597976685,0.775154173374176,0,-0.0029543989803642035,-0.7805100679397583,0.6251196265220642,0,0.013784999959170818,0.1663070023059845,-0.006002999842166901,1
B44,mixamorig_RightHandMiddle2,43,0.9930448532104492,-0.03222499415278435,-0.11324440687894821,0,0.11763985455036163,0.23214098811149597,0.9655331373214722,0,-0.004827708937227726,-0.9721396565437317,0.23431725800037384,0,0.00004199999966658652,0.02859099954366684,0,1
B45,mixamorig_RightHandMiddle3,44,1,0,0,0,0,1,0,0,0,0,1,0,-0.000037999998312443495,0.026311000809073448,0,1
B46,mixamorig_RightHandMiddle4,45,1,0,0,0,0,1,0,0,0,0,1,0,-0.000003999999989900971,0.02469399943947792,0,1
B47,mixamorig_RightHandRing1,34,0.9872650504112244,-0.14647892117500305,-0.06205698475241661,0,0.14182743430137634,0.6337642073631287,0.7603996992111206,0,-0.07205560058355331,-0.7595171928405762,0.6464685201644897,0,-0.01724500022828579,0.1778710037469864,-0.002131999935954809,1
B48,mixamorig_RightHandRing2,47,0.9915474057197571,-0.11586806923151016,-0.058387935161590576,0,0.06997524946928024,0.098598912358284,0.9926546216011047,0,-0.10926163196563721,-0.9883494973182678,0.10587277263402939,0,-0.000003999999989900971,0.01920199953019619,0,1
B49,mixamorig_RightHandRing3,48,1,0,0,0,0,1,9.999995427278918e-7,0,0,-9.999995427278918e-7,1,0,-0.000025999999706982635,0.017619000747799873,0,1
B50,mixamorig_RightHandRing4,49,1,0,0,0,0,1,0,0,0,0,1,0,0.000029999999242136255,0.01469700038433075,0,1
B51,mixamorig_RightHandPinky1,34,0.9786806106567383,-0.1906154304742813,-0.0764823853969574,0,0.1875796765089035,0.6778877973556519,0.7108225226402283,0,-0.0836484506726265,-0.7100144028663635,0.699191689491272,0,-0.03411300107836723,0.17002099752426147,0.0026910000015050173,1
B52,mixamorig_RightHandPinky2,51,0.9851718544960022,-0.1656108796596527,-0.04483851417899132,0,0.04118919000029564,-0.025401057675480843,0.998818576335907,0,-0.16655485332012177,-0.9858536720275879,-0.018203770741820335,0,-0.0000470000013592653,0.019951000809669495,0,1
B53,mixamorig_RightHandPinky3,52,0.9999740123748779,0.007091999985277653,0.0011780000058934093,0,-0.007091999985277653,0.9999750256538391,-0.000009000000318337698,0,-0.0011780000058934093,0,0.9999989867210388,0,-0.00004400000034365803,0.017869999632239342,0,1
B54,mixamorig_RightHandPinky4,53,1,0,0,0,0,1,0,0,0,0,1,0,0.00009100000170292333,0.014127000235021114,0,1
B55,mixamorig_LeftUpLeg,0,-0.9902015924453735,-0.05475211888551712,0.12844160199165344,0,0.1162542849779129,-0.8326558470726013,0.5413954854011536,0,0.07731941342353821,0.5510279536247253,0.8308620452880859,0,0.10385400056838989,-0.06297700107097626,-0.01758500002324581,1
B56,mixamorig_LeftLeg,55,0.9949607849121094,-0.015016967430710793,0.09903856366872787,0,0.07364176213741302,0.777588963508606,-0.6229596138000488,0,-0.06780771166086197,0.6271306872367859,0.7747660875320435,0,0,0.3655810058116913,0,1
B57,mixamorig_LeftFoot,56,0.9933379292488098,0.056695837527513504,0.10017367452383041,0,-0.11420947313308716,0.3754911422729492,0.9197463989257812,0,0.014518721960484982,-0.925060510635376,0.3794770836830139,0,0,0.32025501132011414,0,1
B58,mixamorig_LeftToeBase,57,0.9989499449729919,0.0032729599624872208,-0.044061969965696335,0,0.023842819035053253,0.7994581460952759,0.6001682877540588,0,0.03720647841691971,-0.6007009148597717,0.7985740900039673,0,0,0.135685995221138,0,1
B59,mixamorig_LeftToe_End,58,1,0,0,0,0,1,0,0,0,0,1,0,0,0.06672299653291702,0,1
B60,mixamorig_RightUpLeg,0,-0.9830193519592285,-0.00795309990644455,-0.18325188755989075,0,0.025935472920536995,-0.994926393032074,-0.09562969207763672,0,-0.18163245916366577,-0.09874729067087173,0.978242814540863,0,-0.10385400056838989,-0.06297700107097626,0.004871999844908714,1
B61,mixamorig_RightLeg,60,0.9760167002677917,0.12438037246465683,0.17857308685779572,0,-0.06898587942123413,0.9550715088844299,-0.28822293877601624,0,-0.20639635622501373,0.26898282766342163,0.9407536387443542,0,0,0.3654009997844696,0,1
B62,mixamorig_RightFoot,61,0.9891984462738037,-0.11247513443231583,-0.0939909815788269,0,0.11802554875612259,0.23106792569160461,0.9657264947891235,0,-0.08690487593412399,-0.9663881659507751,0.24184776842594147,0,0,0.31953901052474976,0,1
B63,mixamorig_RightToeBase,62,0.9985004663467407,-0.014004244469106197,0.05290580168366432,0,-0.021551530808210373,0.7878918647766113,0.6153857111930847,0,-0.05031280219554901,-0.6156051754951477,0.7864087820053101,0,0,0.14167599380016327,0,1
B64,mixamorig_RightToe_End,63,1,0,0,0,0,1,0,0,0,0,1,0,0,0.0654049962759018,0,1
@52,0,1,2,3,4,5,7,8,9,10,11,12,13,15,16,17,19,20,21,23,24,25,27,28,29,31,32,33,34,35,36,37,39,40,41,43,44,45,47,48,49,51,52,53,55,56,57,58,60,61,62,63
K0.000,0.9987000226974487,-0.020479999482631683,-0.04667599871754646,0,0.021309999749064445,0.9996230006217957,0.017340999096632004,0,0.046303000301122665,-0.018312999978661537,0.9987599849700928,0,0.0015950000379234552,0.804427981376648,0.0020210000220686197,1,0.9999769926071167,-0.0008880000095814466,-0.006775999907404184,0,0.00017600000137463212,0.9945290088653564,-0.10446500033140182,0,0.006831999868154526,0.10446199774742126,0.994504988193512,0,0,0.11216100305318832,-0.012102999724447727,1,0.9998890161514282,0.009992999956011772,-0.011017000302672386,0,-0.00991899985820055,0.9999279975891113,0.0068259998224675655,0,0.01108499988913536,-0.0067159999161958694,0.9999160170555115,0,0,0.13161399960517883,0,1,0.9998890161514282,0.009992999956011772,-0.011017000302672386,0,-0.00991899985820055,0.9999279975891113,0.0068259998224675655,0,0.01108499988913536,-0.0067159999161958694,0.9999160170555115,0,0,0.15041600167751312,0,1,0.9997460246086121,-0.021815000101923943,0.005650999955832958,0,0.02108299918472767,0.9939979910850525,0.10735200345516205,0,-0.007958999834954739,-0.10720500349998474,0.9942049980163574,0,0,0.1692180037498474,0,1,0.9980499744415283,0.030729999765753746,0.054322000592947006,0,-0.033250000327825546,0.9983829855918884,0.04610700160264969,0,-0.05281699821352959,-0.04782300069928169,0.9974579811096191,0,0,0.11665599793195724,0.0029380000196397305,1,0.018343999981880188,0.023817000910639763,-0.9995480179786682,0,0.7739419937133789,-0.6332550048828125,-0.0008859999943524599,0,-0.6329900026321411,-0.773576021194458,-0.030048999935388565,0,0.051966000348329544,0.13118299841880798,-0.012628999538719654,1,0.9846289753913879,-0.06511499732732773,0.16206499934196472,0,-0.01742199994623661,0.8866599798202515,0.4620940089225769,0,-0.173785001039505,-0.4578149914741516,0.8718969821929932,0,0,0.1336829960346222,0,1,0.8354610204696655,0.4982590079307556,-0.2318270057439804,0,-0.39876800775527954,0.8399199843406677,0.3681280016899109,0,0.37814000248908997,-0.21511100232601166,0.900409996509552,0,0,0.22105200588703156,0,1,0.834164023399353,0.07530099898576736,-0.5463510155677795,0,-0.17289599776268005,0.976402997970581,-0.1294029951095581,0,0.523714005947113,0.20240500569343567,0.8274989724159241,0,0,0.17756600677967072,0,1,0.8656060099601746,0.43430399894714355,0.24921099841594696,0,-0.49994900822639465,0.7219150066375732,0.4784240126609802,0,0.027871999889612198,-0.5387200117111206,0.842024028301239,0,-0.016126999631524086,0.05376400053501129,0.015052000060677528,1,0.9149839878082275,-0.40314000844955444,0.016812000423669815,0,0.40344101190567017,0.9147329926490784,-0.022359000518918037,0,-0.006364999804645777,0.027241000905632973,0.9996089935302734,0,0.0035500000230968,0.04635600000619888,0,1,0.9354379773139954,0.35349100828170776,0.0006539999740198255,0,-0.35349100828170776,0.9354379773139954,-0.00009899999713525176,0,-0.0006459999713115394,-0.00013899999612476677,1,0,-0.0074280002154409885,0.03454999998211861,0,1,0.9834629893302917,0.180976003408432,-0.006941999774426222,0,-0.1325879991054535,0.7455660104751587,0.6531090140342712,0,0.12337300181388855,-0.6413879990577698,0.7572320103645325,0,-0.031122999265789986,0.14032800495624542,0.000037000001611886546,1,0.9846580028533936,0.11416900157928467,0.13196000456809998,0,-0.14677199721336365,0.1328970044851303,0.9802020192146301,0,0.094370998442173,-0.9845319986343384,0.1476150006055832,0,-0.00010399999882793054,0.025721000507473946,0,1,0.9999889731407166,0.004672999959439039,0.0005000000237487257,0,-0.004672999959439039,0.9999889731407166,-0.000003000000106112566,0,-0.0005000000237487257,0,1,0,-0.000024000000848900527,0.024692000821232796,0,1,0.9730809926986694,0.1839579939842224,0.13882599771022797,0,-0.21000200510025024,0.45963001251220703,0.8629249930381775,0,0.09493300318717957,-0.8688499927520752,0.4858880043029785,0,-0.01348899956792593,0.14750300347805023,-0.005807000212371349,1,0.9881920218467712,0.08398699760437012,0.12814900279045105,0,-0.10709899663925171,-0.2194889932870865,0.9697189927101135,0,0.10957100242376328,-0.9719930291175842,-0.20790299773216248,0,-0.000045000000682193786,0.030094999819993973,0,1,0.9999939799308777,-0.003533999901264906,0.0002010000025620684,0,0.003533999901264906,0.9999939799308777,0,0,-0.0002010000025620684,0,1,0,0.00007300000288523734,0.028284000232815742,0,1,0.9768779873847961,0.003539999946951866,0.21377000212669373,0,-0.19235600531101227,0.45100200176239014,0.8715479969978333,0,-0.09332499653100967,-0.892516016960144,0.44125500321388245,0,0.01270699966698885,0.1474280059337616,-0.0036170000676065683,1,0.9983270168304443,0.042305998504161835,0.039423998445272446,0,-0.02682800032198429,-0.2651059925556183,0.9638460278511047,0,0.05122800171375275,-0.9632909893989563,-0.2635270059108734,0,0.00003300000025774352,0.026302000507712364,0,1,0.9999579787254333,-0.009186999872326851,-0.00006399999983841553,0,0.009186999872326851,0.9999579787254333,0,0,0.00006399999983841553,0,1,0,0.00004999999873689376,0.024826999753713608,0,1,0.9560700058937073,-0.0967940017580986,0.2766970098018646,0,-0.2384759932756424,0.29208800196647644,0.926181972026825,0,-0.1704690009355545,-0.9514809846878052,0.2561730146408081,0,0.03190400078892708,0.13796499371528625,-0.0007270000060088933,1,0.9984139800071716,0.04972200095653534,-0.026412999257445335,0,0.03163199871778488,-0.10727400332689285,0.9937260150909424,0,0.04657699912786484,-0.9929850101470947,-0.10867699980735779,0,0.00007500000356230885,0.02375200018286705,0,1,0.9999390244483948,-0.01103300042450428,-0.000022000000171829015,0,0.01103300042450428,0.9999390244483948,0,0,0.000022000000171829015,0,1,0,0.00006600000051548705,0.01880500093102455,0,1,0.19833999872207642,-0.017261000350117683,0.979981005191803,0,-0.7327399849891663,-0.6666659712791443,0.13655799627304077,0,0.6509630084037781,-0.74515700340271,-0.14487400650978088,0,-0.051966000348329544,0.1293639987707138,0.004224000032991171,1,0.942999005317688,0.30425700545310974,0.13483700156211853,0,-0.32947298884391785,0.7964000105857849,0.5071439743041992,0,0.046918001025915146,-0.5226609706878662,0.8512489795684814,0,0,0.1336829960346222,0,1,0.8685299754142761,-0.455051988363266,0.19642600417137146,0,0.42871201038360596,0.8886150121688843,0.1629990041255951,0,-0.24872000515460968,-0.0573589988052845,0.9668759703636169,0,0,0.22106599807739258,0,1,0.9918130040168762,0.013737999834120274,0.12695500254631042,0,-0.0017800000496208668,0.9955869913101196,-0.09383100271224976,0,-0.12768399715423584,0.09283699840307236,0.9874600172042847,0,0,0.1758909970521927,0,1,0.8317430019378662,-0.5157129764556885,-0.20553499460220337,0,0.5550479888916016,0.7799659967422485,0.2890940010547638,0,0.011220999993383884,-0.35453298687934875,0.9349759817123413,0,0.02535099908709526,0.06798099726438522,0.018378999084234238,1,0.8263649940490723,0.3834010064601898,0.4124630093574524,0,-0.46055498719215393,0.8816090226173401,0.10322599858045578,0,-0.3240540027618408,-0.2752639949321747,0.9051070213317871,0,-0.006049000192433596,0.05956999957561493,0,1,0.999193012714386,-0.03927300125360489,0.008477999828755856,0,0.03927899897098541,0.9992280006408691,-0.00046999999904073775,0,-0.008453000336885452,0.0008019999950192869,0.9999639987945557,0,0.004126000218093395,0.04319800063967705,0,1,0.996990978717804,-0.06957300007343292,-0.03419199958443642,0,0.07596500217914581,0.7888879776000977,0.609824001789093,0,-0.015453999862074852,-0.6105859875679016,0.791799008846283,0,0.03757299855351448,0.1624079942703247,0.003258999902755022,1,0.9954379796981812,-0.03580800071358681,-0.08844099938869476,0,0.09540099650621414,0.38938501477241516,0.9161210060119629,0,0.0016329999780282378,-0.9203789830207825,0.39102500677108765,0,-0.000003999999989900971,0.02348800003528595,0,1,1,0,0,0,0,1,0,0,0,0,1,0,-0.00002099999983329326,0.0218260008841753,0,1,0.9936140179634094,-0.0728989988565445,-0.08612500131130219,0,0.11273299902677536,0.6739180088043213,0.7301539778709412,0,0.004813999868929386,-0.7351999878883362,0.6778330206871033,0,0.013784999959170818,0.1663070023059845,-0.006002999842166901,1,0.9936550259590149,-0.03079099953174591,-0.10817600041627884,0,0.1124579980969429,0.28762099146842957,0.9511190056800842,0,0.0018279999494552612,-0.9572489857673645,0.2892580032348633,0,0.00004199999966658652,0.02859099954366684,0,1,1,0,0,0,0,1,0,0,0,0,1,0,-0.000037999998312443495,0.026311000809073448,0,1,0.988552987575531,-0.14010299742221832,-0.05598200112581253,0,0.13736900687217712,0.6823700070381165,0.7179840207099915,0,-0.0623910017311573,-0.7174550294876099,0.6938049793243408,0,-0.01724500022828579,0.1778710037469864,-0.002131999935954809,1,0.9919750094413757,-0.11487200111150742,-0.05282299965620041,0,0.07103600353002548,0.16074800491333008,0.9844359755516052,0,-0.10459200292825699,-0.980288028717041,0.1676180064678192,0,-0.000003999999989900971,0.01920199953019619,0,1,1,0,0,0,0,1,0,0,0,0,1,0,-0.000025999999706982635,0.017619000747799873,0,1,0.9805269837379456,-0.18309399485588074,-0.07101500034332275,0,0.1828099936246872,0.7188730239868164,0.6706730127334595,0,-0.07174599915742874,-0.6705949902534485,0.7383459806442261,0,-0.03411300107836723,0.17002099752426147,0.0026910000015050173,1,0.98545902967453,-0.16488699615001678,-0.041032999753952026,0,0.0489250011742115,0.044084999710321426,0.997829020023346,0,-0.1627199947834015,-0.9853270053863525,0.051511000841856,0,-0.0000470000013592653,0.019951000809669495,0,1,0.9999740123748779,0.007091999985277653,0.0011780000058934093,0,-0.007091999985277653,0.9999750256538391,-0.000009000000318337698,0,-0.0011780000058934093,0,0.9999989867210388,0,-0.00004400000034365803,0.017869999632239342,0,1,-0.9850299954414368,-0.07826799899339676,0.15358899533748627,0,0.13327600061893463,-0.9108710289001465,0.3905780017375946,0,0.10932999849319458,0.4052009880542755,0.9076669812202454,0,0.10385400056838989,-0.06297700107097626,-0.01758500002324581,1,0.9986010193824768,-0.051364999264478683,0.01256600022315979,0,0.030112000182271004,0.3570129871368408,-0.9336140155792236,0,0.04346799850463867,0.9326859712600708,0.35806000232696533,0,0,0.3655810058116913,0,1,0.9951270222663879,0.006424999795854092,0.09839700162410736,0,-0.0934310033917427,0.38046500086784363,0.9200639724731445,0,-0.03152500092983246,-0.9247729778289795,0.3792110085487366,0,0,0.32025501132011414,0,1,0.9937520027160645,-0.015406000427901745,-0.11053799837827682,0,0.07687000185251236,0.812533974647522,0.5778229832649231,0,0.08091399818658829,-0.5827100276947021,0.8086420297622681,0,0,0.135685995221138,0,1,-0.9889159798622131,-0.04141300171613693,-0.14258599281311035,0,0.019202999770641327,-0.9879220128059387,0.15375499427318573,0,-0.14723099768161774,0.14931300282478333,0.9777669906616211,0,-0.10385400056838989,-0.06297700107097626,0.004871999844908714,1,0.9875839948654175,0.09781400114297867,0.12292400002479553,0,-0.05071600154042244,0.9391189813613892,-0.3398280143737793,0,-0.14868000149726868,0.3293739855289459,0.932420015335083,0,0,0.3654009997844696,0,1,0.9909579753875732,-0.09507700055837631,-0.09466800093650818,0,0.11889400333166122,0.29528599977493286,0.9479820132255554,0,-0.06217699870467186,-0.9506660103797913,0.3039200007915497,0,0,0.31953901052474976,0,1,0.9982529878616333,-0.00712500000372529,0.05866000056266785,0,-0.028284000232815742,0.8139770030975342,0.5802090167999268,0,-0.051881998777389526,-0.5808539986610413,0.8123530149459839,0,0,0.14167599380016327,0,1
K0.033,0.9994760155677795,-0.022300057113170624,-0.02346380054950714,0,0.022717054933309555,0.9995859861373901,0.017666978761553764,0,0.023059800267219543,-0.018190976232290268,0.9995689988136292,0,0.0006959952879697084,0.8082969784736633,0.0006939854938536882,1,0.999925971031189,-0.002671003108844161,-0.011872049421072006,0,0.0014229982625693083,0.9945809841156006,-0.10395197570323944,0,0.012086049653589725,0.10392797738313675,0.9945110082626343,0,0,0.11216100305318832,-0.012102999724447727,1,0.9997149705886841,0.005155980121344328,-0.023297103121876717,0,-0.00498097762465477,0.9999589920043945,0.007585038896650076,0,0.023336103186011314,-0.00746703939512372,0.9997000098228455,0,0,0.13161399960517883,0,1,0.9997149705886841,0.005155980121344328,-0.023297103121876717,0,-0.00498097762465477,0.9999589920043945,0.007585038896650076,0,0.023336103186011314,-0.00746703939512372,0.9997000098228455,0,0,0.15041600167751312,0,1,0.9999120235443115,-0.008799831382930279,0.009937061928212643,0,0.007577825337648392,0.9931089878082275,0.11695301532745361,0,-0.010898041538894176,-0.11686701327562332,0.9930880069732666,0,0,0.1692180037498474,0,1,0.998324990272522,0.024778882041573524,0.052285950630903244,0,-0.026812879368662834,0.9988960027694702,0.03856397420167923,0,-0.051272958517074585,-0.0399019680917263,0.9978870153427124,0,0,0.11665599793195724,0.0029380000196397305,1,-0.002093101851642132,0.0257820226252079,-0.9996650218963623,0,0.7846140265464783,-0.619733989238739,-0.017626093700528145,0,-0.6199809908866882,-0.78438800573349,-0.01893095299601555,0,0.051966000348329544,0.13118299841880798,-0.012628999538719654,1,0.9787949323654175,-0.15362872183322906,0.13549654185771942,0,0.06840087473392487,0.8686159253120422,0.49074193835258484,0,-0.1930859237909317,-0.4710678458213806,0.8607051372528076,0,0,0.1336829960346222,0,1,0.8491949439048767,0.47759613394737244,-0.22532309591770172,0,-0.3904421031475067,0.8551289439201355,0.34104204177856445,0,0.35556110739707947,-0.20163594186306,0.9126439690589905,0,0,0.22105200588703156,0,1,0.8118621110916138,0.09136795252561569,-0.5766558051109314,0,-0.18416492640972137,0.9773319959640503,-0.10443004965782166,0,0.5540428161621094,0.19098198413848877,0.8102850914001465,0,0,0.17756600677967072,0,1,0.8656060099601746,0.43430399894714355,0.24921099841594696,0,-0.49994900822639465,0.7219150066375732,0.4784240126609802,0,0.027871999889612198,-0.5387200117111206,0.842024028301239,0,-0.016126999631524086,0.05376400053501129,0.015052000060677528,1,0.9149829745292664,-0.40314099192619324,0.016812000423669815,0,0.40344101190567017,0.9147319793701172,-0.022360000759363174,0,-0.006364000029861927,0.027241000905632973,0.9996089935302734,0,0.0035500000230968,0.04635600000619888,0,1,0.9354379773139954,0.35349100828170776,0.0006539999740198255,0,-0.35349100828170776,0.9354379773139954,-0.00009899999713525176,0,-0.0006469999789260328,-0.00013899999612476677,1,0,-0.0074280002154409885,0.03454999998211861,0,1,0.9831339716911316,0.18268801271915436,-0.008529020473361015,0,-0.13632002472877502,0.7630952000617981,0.6317457556724548,0,0.12192098051309586,-0.6199277639389038,0.775128185749054,0,-0.031122999265789986,0.14032800495624542,0.000037000001611886546,1,0.985929012298584,0.1128239780664444,0.12334790080785751,0,-0.14299196004867554,0.18700158596038818,0.9718968868255615,0,0.08658691495656967,-0.9758588671684265,0.20050358772277832,0,-0.00010399999882793054,0.025721000507473946,0,1,0.9999889731407166,0.004672999959439039,0.0005000000237487257,0,-0.004672999959439039,0.9999889731407166,-0.000003000000106112566,0,-0.0005000000237487257,0,1,0,-0.000024000000848900527,0.024692000821232796,0,1,0.9727650284767151,0.1867000311613083,0.13737398386001587,0,-0.21267202496528625,0.48316827416419983,0.8493047952651978,0,0.0921899601817131,-0.8553898334503174,0.5097153186798096,0,-0.01348899956792593,0.14750300347805023,-0.005807000212371349,1,0.9887670278549194,0.08529801666736603,0.12273793667554855,0,-0.10739800333976746,-0.16565340757369995,0.980319082736969,0,0.10395094007253647,-0.9824880361557007,-0.15463140606880188,0,-0.000045000000682193786,0.030094999819993973,0,1,0.9999939799308777,-0.0035329998936504126,0.0002010000025620684,0,0.0035329998936504126,0.9999939799308777,0,0,-0.0002010000025620684,0,1,0,0.00007300000288523734,0.028284000232815742,0,1,0.9771550297737122,0.006879033520817757,0.21241597831249237,0,-0.19011196494102478,0.4750722646713257,0.859164834022522,0,-0.09500302374362946,-0.8799198269844055,0.4655272662639618,0,0.01270699966698885,0.1474280059337616,-0.0036170000676065683,1,0.9983609914779663,0.04285700246691704,0.03793398290872574,0,-0.02802601270377636,-0.2118263989686966,0.976905107498169,0,0.04990198463201523,-0.9763671159744263,-0.21027740836143494,0,0.00003300000025774352,0.026302000507712364,0,1,0.9999579787254333,-0.009186999872326851,-0.00006299999949987978,0,0.009186999872326851,0.9999579787254333,0,0,0.00006299999949987978,0,1,0,0.00004999999873689376,0.024826999753713608,0,1,0.9566599726676941,-0.09313296526670456,0.2759130001068115,0,-0.23406094312667847,0.31779128313064575,0.918816864490509,0,-0.17325502634048462,-0.9435758590698242,0.2822192907333374,0,0.03190400078892708,0.13796499371528625,-0.0007270000060088933,1,0.9984610080718994,0.04975700005888939,-0.024507978931069374,0,0.027132948860526085,-0.05277739837765694,0.9982380270957947,0,0.048376020044088364,-0.9973660111427307,-0.0540463961660862,0,0.00007500000356230885,0.02375200018286705,0,1,0.9999390244483948,-0.01103300042450428,-0.000022000000171829015,0,0.01103300042450428,0.9999390244483948,0,0,0.000022000000171829015,0,1,0,0.00006600000051548705,0.01880500093102455,0,1,0.21313710510730743,-0.016303015872836113,0.976885974407196,0,-0.7383901476860046,-0.6574498414993286,0.15013009309768677,0,0.639805793762207,-0.7533221244812012,-0.15216504037380219,0,-0.051966000348329544,0.1293639987707138,0.004224000032991171,1,0.9428942203521729,0.3249363303184509,0.0732545405626297,0,-0.3153112232685089,0.79981929063797,0.5107519626617432,0,0.1073710173368454,-0.5046838521957397,0.8566010594367981,0,0,0.1336829960346222,0,1,0.7841065526008606,-0.603347659111023,0.1454247683286667,0,0.5838306546211243,0.7965654730796814,0.15692396461963654,0,-0.21051982045173645,-0.038140956312417984,0.9768450856208801,0,0,0.22106599807739258,0,1,0.9765498638153076,0.11778976023197174,0.1802119016647339,0,-0.10784676671028137,0.992102861404419,-0.06404601037502289,0,-0.18633292615413666,0.04310888051986694,0.9815400242805481,0,0,0.1758909970521927,0,1,0.8259079456329346,-0.522611141204834,-0.21155007183551788,0,0.5637831091880798,0.7688518762588501,0.30168813467025757,0,0.004985921550542116,-0.3684351444244385,0.9296399354934692,0,0.02535099908709526,0.06798099726438522,0.018378999084234238,1,0.8341150879859924,0.3828369081020355,0.39709794521331787,0,-0.45460987091064453,0.8848480582237244,0.1018509641289711,0,-0.31237900257110596,-0.2654809057712555,0.912106990814209,0,-0.006049000192433596,0.05956999957561493,0,1,0.999193012714386,-0.03927300125360489,0.008476999588310719,0,0.03927899897098541,0.9992280006408691,-0.00046999999904073775,0,-0.008452000096440315,0.0008019999950192869,0.9999639987945557,0,0.004126000218093395,0.04319800063967705,0,1,0.9968510270118713,-0.07070401310920715,-0.03591601550579071,0,0.07739001512527466,0.7684388160705566,0.6352261900901794,0,-0.017314016819000244,-0.636005163192749,0.7714908123016357,0,0.03757299855351448,0.1624079942703247,0.003258999902755022,1,0.9952390193939209,-0.036559008061885834,-0.09035102277994156,0,0.09746702015399933,0.37037983536720276,0.9237530827522278,0,-0.0003070197708439082,-0.928161084651947,0.3721798360347748,0,-0.000003999999989900971,0.02348800003528595,0,1,1,0,0,0,0,1,0,0,0,0,1,0,-0.00002099999983329326,0.0218260008841753,0,1,0.993245005607605,-0.07494501769542694,-0.08859101682901382,0,0.11602301895618439,0.6541758179664612,0.74739009141922,0,0.0019409747328609228,-0.7526201009750366,0.6584517955780029,0,0.013784999959170818,0.1663070023059845,-0.006002999842166901,1,0.9934620261192322,-0.031265005469322205,-0.10979901254177094,0,0.11416301131248474,0.26957082748413086,0.9561900496482849,0,-0.00029602277209050953,-0.9624730348587036,0.2713768184185028,0,0.00004199999966658652,0.02859099954366684,0,1,1,0,0,0,0,1,0,0,0,0,1,0,-0.000037999998312443495,0.026311000809073448,0,1,0.9880539774894714,-0.14259400963783264,-0.05844802036881447,0,0.1394140124320984,0.6654407978057861,0.7333161234855652,0,-0.06567303091287613,-0.7327041029930115,0.6773708462715149,0,-0.01724500022828579,0.1778710037469864,-0.002131999935954809,1,0.9918149709701538,-0.11532600969076157,-0.054792020469903946,0,0.07074800133705139,0.1391627937555313,0.9877390265464783,0,-0.10628701746463776,-0.9835309982299805,0.14618279039859772,0,-0.000003999999989900971,0.01920199953019619,0,1,1,0,0,0,0,1,0,0,0,0,1,0,-0.000025999999706982635,0.017619000747799873,0,1,0.9797319769859314,-0.186241015791893,-0.07374801486730576,0,0.1854110062122345,0.7038148641586304,0.6857610940933228,0,-0.07581203430891037,-0.6855361461639404,0.7240808606147766,0,-0.03411300107836723,0.17002099752426147,0.0026910000015050173,1,0.9853469729423523,-0.16523300111293793,-0.04231201484799385,0,0.04632396996021271,0.020502746105194092,0.9987159967422485,0,-0.16415300965309143,-0.9860410094261169,0.027856746688485146,0,-0.0000470000013592653,0.019951000809669495,0,1,0.9999740123748779,0.007091999985277653,0.0011780000058934093,0,-0.007091999985277653,0.9999750256538391,-0.000009000000318337698,0,-0.0011780000058934093,0,0.9999989867210388,0,-0.00004400000034365803,0.017869999632239342,0,1,-0.9864360094070435,-0.0626099556684494,0.15173687040805817,0,0.12705793976783752,-0.8764967322349548,0.464338481426239,0,0.10392484813928604,0.4773194491863251,0.8725627660751343,0,0.10385400056838989,-0.06297700107097626,-0.01758500002324581,1,0.9986100196838379,-0.02901582047343254,0.043992359191179276,0,0.052541155368089676,0.48361554741859436,-0.8737019300460815,0,0.004075534176081419,0.874799907207489,0.4844675362110138,0,0,0.3655810058116913,0,1,0.9950219988822937,0.015224157832562923,0.09848500043153763,0,-0.09728805720806122,0.36248794198036194,0.9268969893455505,0,-0.021588847041130066,-0.9318640232086182,0.3621649444103241,0,0,0.32025501132011414,0,1,0.9973570108413696,-0.005007759667932987,-0.07247818261384964,0,0.04724731668829918,0.8025519251823425,0.5947081446647644,0,0.05518949031829834,-0.5965611338615417,0.800667941570282,0,0,0.135685995221138,0,1,-0.9871180057525635,-0.03695590794086456,-0.15566913783550262,0,0.027069035917520523,-0.9975069761276245,0.06516319513320923,0,-0.1576901078224182,0.060110196471214294,0.9856579899787903,0,-0.10385400056838989,-0.06297700107097626,0.004871999844908714,1,0.9851219654083252,0.09915409982204437,0.14036618173122406,0,-0.05232106149196625,0.9510400891304016,-0.3046048879623413,0,-0.16369619965553284,0.29272884130477905,0.9420790076255798,0,0,0.3654009997844696,0,1,0.9904040098190308,-0.10157105326652527,-0.09371399879455566,0,0.11938299238681793,0.287204772233963,0.9504000544548035,0,-0.06961808353662491,-0.9524690508842468,0.29657477140426636,0,0,0.31953901052474976,0,1,0.9981449842453003,-0.00889301486313343,0.06022598221898079,0,-0.02803397923707962,0.8110030293464661,0.5843700170516968,0,-0.05403999239206314,-0.5849739909172058,0.809249997138977,0,0,0.14167599380016327,0,1
