4.567,30,137,65
B0,mixamorig_Hips,-1,0.48484066128730774,0.021265868097543716,0.8743405938148499,0,-0.007106306962668896,0.9997624754905701,-0.020370403304696083,0,-0.8745663166046143,0.003665568307042122,0.48488175868988037,0,-0.08388999104499817,2.2333478927612305,0.017490874975919724,1
B1,mixamorig_Spine,0,0.9999104142189026,-0.003902158234268427,-0.012248826213181019,0,0.003949509002268314,0.9999584555625916,0.0013015817385166883,0,0.012242777273058891,-0.0013500750064849854,0.999883770942688,0,0,0.268328994512558,-0.018689999356865883,1
B2,mixamorig_Spine1,1,0.9999557733535767,-0.008534539490938187,-0.003784831380471587,0,0.008496131747961044,0.9999049305915833,-0.010584321804344654,0,0.0038745817728340626,0.010551870800554752,0.9999331831932068,0,0,0.31380900740623474,0,1
B3,mixamorig_Spine2,2,0.9999552965164185,-0.008530234917998314,-0.003882343415170908,0,0.008491826243698597,0.999904453754425,-0.010605956427752972,0,0.003972563426941633,0.010572565719485283,0.9999327063560486,0,0,0.3586390018463135,0,1
B4,mixamorig_Neck,3,0.9240776896476746,-0.18223321437835693,-0.3359234929084778,0,0.12425587326288223,0.9744405746459961,-0.18682144582271576,0,0.36143872141838074,0.13089382648468018,0.9231097102165222,0,0,0.4034680128097534,0,1
B5,mixamorig_Head,4,0.9754570126533508,0.006984372157603502,-0.22002646327018738,0,-0.020152471959590912,0.9981090426445007,-0.05765366926789284,0,0.21923643350601196,0.06067289039492607,0.9737710356712341,0,0,0.09983199834823608,0.028161000460386276,1
B6,mixamorig_HeadTop_End,5,1,0,0,0,0,1,0,0,0,0,1,0,0,0.7941700220108032,0.22402000427246094,1
B7,mixamorig_LeftShoulder,3,-0.007296574767678976,0.006172948982566595,-0.9999075531959534,0,0.9844990968704224,-0.17486388981342316,-0.008254928514361382,0,-0.17489774525165558,-0.9845606684684753,-0.004753747954964638,0,0.1507209986448288,0.3509080111980438,-0.0033009999897331,1
B8,mixamorig_LeftArm,7,0.7272575497627258,0.15647952258586884,0.668265163898468,0,-0.43416669964790344,0.8589330315589905,0.2714308500289917,0,-0.5315256714820862,-0.487545371055603,0.6925977468490601,0,0,0.32168400287628174,0,1
B9,mixamorig_LeftForeArm,8,0.010159208439290524,0.6650036573410034,-0.7467432618141174,0,-0.8847203850746155,0.3540126383304596,0.3032146096229553,0,0.4659864008426666,0.6575873494148254,0.5919424891471863,0,0,0.5558720231056213,0,1
B10,mixamorig_LeftHand,9,0.6158539056777954,-0.14854615926742554,0.7737058401107788,0,-0.018208935856819153,0.9790863394737244,0.20247581601142883,0,-0.7876496911048889,-0.1387885957956314,0.6002674102783203,0,0,0.7489020228385925,0,1
B11,mixamorig_LeftHandThumb1,10,0.8854849934577942,0.4169340133666992,-0.20513899624347687,0,-0.20821499824523926,0.7506930232048035,0.6269819736480713,0,0.4154059886932373,-0.5124704837799072,0.7515389919281006,0,-0.04298200085759163,0.026657000184059143,0.007007000036537647,1
B12,mixamorig_LeftHandThumb2,11,0.9811360239982605,-0.072564996778965,-0.17918099462985992,0,0.06580699980258942,0.9968889951705933,-0.04338499903678894,0,0.18177199363708496,0.030774999409914017,0.9828590154647827,0,-0.01272599957883358,0.03881499916315079,0,1
B13,mixamorig_LeftHandThumb3,12,0.6809669733047485,0.268108993768692,-0.6814699769020081,0,0.22703853249549866,0.8074254989624023,0.5445340275764465,0,0.6962310075759888,-0.5255299806594849,0.48895901441574097,0,-0.003298999974504113,0.06045899912714958,0,1
B14,mixamorig_LeftHandThumb4,13,1,0,0,0,0,1,0,0,0,0,1,0,0.01602499932050705,0.058823999017477036,0,1
B15,mixamorig_LeftHandIndex1,10,0.9656820297241211,0.25174444913864136,0.06390199810266495,0,-0.1038220003247261,0.14862599968910217,0.9834280014038086,0,0.23807500302791595,-0.9563130140304565,0.1696619987487793,0,-0.06303700059652328,0.18167099356651306,0.0008590000215917826,1
B16,mixamorig_LeftHandIndex2,15,0.9986860156059265,0.05042300000786781,-0.009123999625444412,0,-0.010866999626159668,0.3824160099029541,0.9239259958267212,0,0.05007652938365936,-0.9226130247116089,0.3824619948863983,0,0.0006520000169984996,0.04845299944281578,0,1
B17,mixamorig_LeftHandIndex3,16,0.9979239702224731,-0.03167099878191948,-0.05608152970671654,0,0.06361199915409088,0.3482840061187744,0.9352279901504517,0,-0.010087000206112862,-0.9368540048599243,0.349575012922287,0,-0.00002300000051036477,0.0435900017619133,0,1
B18,mixamorig_LeftHandIndex4,17,1,0,0,0,0,1,0,0,0,0,1,0,-0.0006290000164881349,0.03467100113630295,0,1
B19,mixamorig_LeftHandMiddle1,10,0.9929879903793335,0.0746605321764946,0.09165800362825394,0,-0.096158467233181,0.059098999947309494,0.9936100244522095,0,0.0687665343284607,-0.9954559803009033,0.06586399674415588,0,-0.02418299950659275,0.186367005109787,-0.0022879999596625566,1
B20,mixamorig_LeftHandMiddle2,19,0.9978439807891846,0.06525299698114395,-0.007031999994069338,0,-0.008231530897319317,0.23073099553585052,0.9729830026626587,0,0.06511200219392776,-0.9708269834518433,0.23077046871185303,0,0.0004490000137593597,0.04813800007104874,0,1
B21,mixamorig_LeftHandMiddle3,20,0.9985589981079102,-0.028891999274492264,-0.04521999880671501,0,0.05287899821996689,0.38638800382614136,0.9208189845085144,0,-0.00913199968636036,-0.9218840003013611,0.38735899329185486,0,0.00006199999916134402,0.04778999835252762,0,1
B22,mixamorig_LeftHandMiddle4,21,1,0,0,0,0,1,0,0,0,0,1,0,-0.0005099999834783375,0.04010099917650223,0,1
B23,mixamorig_LeftHandRing1,10,0.9963489770889282,0.047467999160289764,0.07095900177955627,0,-0.07086499780416489,-0.003667999990284443,0.9974790215492249,0,0.04760799929499626,-0.9988660216331482,-0.00029046949930489063,0,0.02308100089430809,0.17782899737358093,-0.0015879999846220016,1
B24,mixamorig_LeftHandRing2,23,0.99993497133255,-0.007819999940693378,0.00825846940279007,0,-0.00367900007404387,0.46466800570487976,0.8854770064353943,0,-0.01076200045645237,-0.8854504823684692,0.4646089971065521,0,0.00025400001322850585,0.052942998707294464,0,1
B25,mixamorig_LeftHandRing3,24,0.9994860291481018,-0.03045699931681156,-0.01003700029104948,0,0.018734000623226166,0.3005389869213104,0.9535859823226929,0,-0.026026999577879906,-0.9532830119132996,0.30095499753952026,0,-0.00019799999427050352,0.05130099877715111,0,1
B26,mixamorig_LeftHandRing4,25,1,0,0,0,0,1,0,0,0,0,1,0,-0.000056000000768108293,0.0424249991774559,0,1
B27,mixamorig_LeftHandPinky1,10,0.9885029792785645,-0.029548000544309616,0.14828699827194214,0,-0.146015003323555,0.06812400370836258,0.9869340062141418,0,-0.039264000952243805,-0.9972389936447144,0.06302600353956223,0,0.0641390010714531,0.15502600371837616,-0.0009800000116229057,1
B28,mixamorig_LeftHandPinky2,27,0.9997550249099731,-0.01954546943306923,-0.01039253082126379,0,0.015348999761044979,0.2737720012664795,0.9616720080375671,0,-0.015951000154018402,-0.9615960121154785,0.2740049958229065,0,0.0004299999854993075,0.06326399743556976,0,1
B29,mixamorig_LeftHandPinky3,28,0.9998149871826172,-0.016203999519348145,-0.010382000356912613,0,0.018508531153202057,0.6618725061416626,0.7493879795074463,0,-0.0052720000967383385,-0.7494410276412964,0.6620500087738037,0,0.00001700000029813964,0.05552399903535843,0,1
B30,mixamorig_LeftHandPinky4,29,1,0,0,0,0,1,0,0,0,0,1,0,-0.000446999998530373,0.04917600005865097,0,1
B31,mixamorig_RightShoulder,3,0.140762597322464,0.052083082497119904,0.9886686205863953,0,-0.9520553350448608,-0.2668437063694,0.14961107075214386,0,0.2716127634048462,-0.9623262286186218,0.0120235038921237,0,-0.1507209986448288,0.350957989692688,-0.004017999861389399,1
B32,mixamorig_RightArm,31,0.9716320633888245,-0.08003010600805283,-0.22223320603370667,0,0.17726515233516693,0.8691051602363586,0.4615948796272278,0,0.1561259776353836,-0.4879705011844635,0.8586655855178833,0,0,0.32168400287628174,0,1
B33,mixamorig_RightForeArm,32,0.23153704404830933,-0.5307319760322571,0.8151699304580688,0,0.8794834613800049,0.47208723425865173,0.05735159292817116,0,-0.41536787152290344,0.703585684299469,0.5762576460838318,0,0,0.556318998336792,0,1
B34,mixamorig_RightHand,33,0.5712941288948059,-0.3569834530353546,-0.7389353513717651,0,0.0830916240811348,0.9208676218986511,-0.3806476294994354,0,0.8165266513824463,0.15607242286205292,0.555766761302948,0,0,0.7471219897270203,0,1
B35,mixamorig_RightHandThumb1,34,0.8955209851264954,-0.06846500188112259,0.4397204518318176,0,-0.30105099081993103,0.6344799995422363,0.7119010090827942,0,-0.3277350068092346,-0.7699009776115417,0.5475789904594421,0,0.044082000851631165,0.02597999945282936,0.00945299956947565,1
B36,mixamorig_RightHandThumb2,35,0.8908810019493103,-0.33101901412010193,0.31105801463127136,0,0.3933599889278412,0.9046599864959717,-0.1638830006122589,0,-0.2271530032157898,0.2683579921722412,0.9361550211906433,0,0.01158399973064661,0.03998300060629845,0,1
B37,mixamorig_RightHandThumb3,36,0.9358029961585999,0.20337854325771332,-0.28794100880622864,0,-0.27553901076316833,0.9314680099487305,-0.23758246004581451,0,0.21988900005817413,0.30166947841644287,0.9277089834213257,0,-0.004923999775201082,0.05985800176858902,0,1
B38,mixamorig_RightHandThumb4,37,1,0,0,0,0,1,0,0,0,0,1,0,-0.006659999955445528,0.05996600165963173,0,1
B39,mixamorig_RightHandIndex1,34,0.998790979385376,-0.04909700155258179,0.002397000091150403,0,0.021810000762343407,0.48633646965026855,0.8734989762306213,0,-0.04405200108885765,-0.8723909854888916,0.48681899905204773,0,0.06706500053405762,0.18151600658893585,0.000015999999959603883,1
B40,mixamorig_RightHandIndex2,39,0.9979069828987122,-0.06428100168704987,0.007017000112682581,0,0.01904500089585781,0.3958739936351776,0.9181069731712341,0,-0.0617944709956646,-0.916051983833313,0.3962700068950653,0,-0.00009899999713525176,0.0483970008790493,0,1
B41,mixamorig_RightHandIndex3,40,0.9989719986915588,0.0186769999563694,0.041315529495477676,0,-0.04507200047373772,0.508126974105835,0.8601019978523254,0,-0.004929000046104193,-0.8610799908638,0.5084459781646729,0,0.00002300000051036477,0.044769998639822006,0,1
B42,mixamorig_RightHandIndex4,41,1,0,0,0,0,1,0,0,0,0,1,0,0.00007599999662488699,0.03627999871969223,0,1
B43,mixamorig_RightHandMiddle1,34,0.9950910210609436,-0.09787499904632568,-0.014638531021773815,0,0.05053099989891052,0.3753190040588379,0.9255170226097107,0,-0.0850910022854805,-0.9217140078544617,0.37842199206352234,0,0.020669000223279,0.18546700477600098,-0.0016629999736323953,1
B44,mixamorig_RightHandMiddle2,43,0.9972450137138367,-0.07326652854681015,0.01159599982202053,0,-0.004549530800431967,0.09562046825885773,0.995406985282898,0,-0.07403899729251862,-0.992717981338501,0.0950239971280098,0,-0.000015999999959603883,0.05055899918079376,0,1
B45,mixamorig_RightHandMiddle3,44,0.9995419979095459,0.025398999452590942,0.01644900068640709,0,-0.030260469764471054,0.8413310050964355,0.5396720170974731,0,-0.0001320000010309741,-0.5399230122566223,0.8417140245437622,0,0.00007000000186963007,0.04644500091671944,0,1
B46,mixamorig_RightHandMiddle4,45,1,0,0,0,0,1,0,0,0,0,1,0,-0.000052999999752501026,0.0369269996881485,0,1
B47,mixamorig_RightHandRing1,34,0.9995700120925903,-0.019492000341415405,0.021918000653386116,0,-0.017601000145077705,0.19918254017829895,0.9798039793968201,0,-0.02346399985253811,-0.9797684550285339,0.19875399768352509,0,-0.019067000597715378,0.17634999752044678,-0.00033000000985339284,1
B48,mixamorig_RightHandRing2,47,0.9999650120735168,-0.00708953058347106,-0.004337000194936991,0,0.006194999907165766,0.28805598616600037,0.9575939774513245,0,-0.005539530422538519,-0.9575870037078857,0.2880899906158447,0,-0.00009300000237999484,0.052212998270988464,0,1
B49,mixamorig_RightHandRing3,48,0.9995520114898682,0.029791999608278275,0.002708469284698367,0,-0.02481899969279766,0.7753244638442993,0.6310750246047974,0,0.016700999811291695,-0.6308599710464478,0.77571702003479,0,0.00002300000051036477,0.05178099870681763,0,1
B50,mixamorig_RightHandRing4,49,1,0,0,0,0,1,0,0,0,0,1,0,0.00007000000186963007,0.04593599960207939,0,1
B51,mixamorig_RightHandPinky1,34,0.9931960105895996,-0.1000330001115799,-0.05962200090289116,0,0.06569953262805939,0.05860200151801109,0.9961169958114624,0,-0.09615100175142288,-0.9932569861412048,0.0647749975323677,0,-0.0686660036444664,0.15241099894046783,-0.0018240000354126096,1
B52,mixamorig_RightHandPinky2,51,0.999925971031189,0.011056000366806984,0.004980999976396561,0,-0.010484999977052212,0.5818930268287659,0.8131979703903198,0,0.00609199982136488,-0.8131899833679199,0.581965982913971,0,-0.00009600000339560211,0.06865199655294418,0,1
B53,mixamorig_RightHandPinky3,52,0.9999719858169556,0.007246469613164663,0.001825469546020031,0,-0.007317999843508005,0.9000779986381531,0.4356670081615448,0,0.0015140000032261014,-0.4356679916381836,0.9001060128211975,0,-0.000048000001697801054,0.054106999188661575,0,1
B54,mixamorig_RightHandPinky4,53,1,0,0,0,0,1,0,0,0,0,1,0,0.00014400000509340316,0.04647200182080269,0,1
B55,mixamorig_LeftUpLeg,0,-0.6118912696838379,-0.140689417719841,0.7782703042030334,0,0.5949850678443909,-0.729996383190155,0.3358292281627655,0,0.5210211277008057,0.6686323285102844,0.5303225517272949,0,0.23016299307346344,-0.14885400235652924,-0.03262300044298172,1
B56,mixamorig_LeftLeg,55,0.9737879633903503,-0.07616090029478073,-0.21431146562099457,0,-0.09490503370761871,0.7196753025054932,-0.6872998476028442,0,0.2065851092338562,0.6896231174468994,0.6935814619064331,0,0,1.2287869453430176,0,1
B57,mixamorig_LeftFoot,56,0.9474154114723206,-0.24560996890068054,0.20511817932128906,0,-0.08520901203155518,0.4241965413093567,0.9014856815338135,0,-0.3084520697593689,-0.8715575337409973,0.3809601664543152,0,0,1.0921239852905273,0,1
B58,mixamorig_LeftToeBase,57,0.9898627400398254,-0.0399993360042572,-0.13627684116363525,0,0.10046470165252686,0.8754340410232544,0.4727810323238373,0,0.10039056837558746,-0.4816795289516449,0.8705782294273376,0,0,0.3138349950313568,0,1
B59,mixamorig_LeftToe_End,58,1,0,0,0,0,1,0,0,0,0,1,0,0,0.12210000306367874,0,1
B60,mixamorig_RightUpLeg,0,-0.7662642002105713,0.4282073974609375,-0.4790363311767578,0,-0.5609027147293091,-0.8092705607414246,0.17380037903785706,0,-0.31326135993003845,0.40187782049179077,0.8602911233901978,0,-0.23016299307346344,-0.14885400235652924,-0.033107999712228775,1
B61,mixamorig_RightLeg,60,0.9937217235565186,-0.004954968113452196,0.11161825060844421,0,0.07968612015247345,0.7310717105865479,-0.6772176027297974,0,-0.07811657339334488,0.6818767189979553,0.7269201874732971,0,0,1.2288390398025513,0,1
B62,mixamorig_RightFoot,61,0.8481306433677673,0.5127037763595581,-0.13317576050758362,0,0.043000392615795135,0.18402405083179474,0.9819452166557312,0,0.5279957056045532,-0.8385406136512756,0.1340619921684265,0,0,1.092283010482788,0,1
B63,mixamorig_RightToeBase,62,0.9960811734199524,0.00233848812058568,0.0884137824177742,0,-0.03983306139707565,0.9043889045715332,0.42484626173973083,0,-0.0789671316742897,-0.42670226097106934,0.9009374976158142,0,0,0.32063600420951843,0,1
B64,mixamorig_RightToe_End,63,1,0,0,0,0,1,0,0,0,0,1,0,0,0.12245699763298035,0,1
@52,0,1,2,3,4,5,7,8,9,10,11,12,13,15,16,17,19,20,21,23,24,25,27,28,29,31,32,33,34,35,36,37,39,40,41,43,44,45,47,48,49,51,52,53,55,56,57,58,60,61,62,63
K0.000,0.5827310085296631,-0.01753699965775013,0.8124759793281555,0,-0.11934900283813477,0.9870799779891968,0.106905996799469,0,-0.8038529753684998,-0.15926599502563477,0.573108971118927,0,-0.012164000421762466,2.192929983139038,0.008818999864161015,1,0.9967439770698547,-0.04298600181937218,-0.0682160034775734,0,0.04686800017952919,0.9973099827766418,0.056356001645326614,0,0.06560999900102615,-0.05936900153756142,0.9960780143737793,0,0,0.268328994512558,-0.018689999356865883,1,0.9988700151443481,0.04264499992132187,-0.0209989994764328,0,-0.042181000113487244,0.9988669753074646,0.02204900048673153,0,0.021914999932050705,-0.02113799937069416,0.9995359778404236,0,0,0.31380900740623474,0,1,0.9995750188827515,0.01992899924516678,-0.0212629996240139,0,-0.019845999777317047,0.9997950196266174,0.0040710000321269035,0,0.02133999951183796,-0.003647000063210726,0.9997659921646118,0,0,0.3586390018463135,0,1,0.985069990158081,-0.021057000383734703,-0.17086400091648102,0,0.027000999078154564,0.9991059899330139,0.0325389988720417,0,0.1700260043144226,-0.036667000502347946,0.9847570061683655,0,0,0.4034680128097534,0,1,0.9123830199241638,-0.11264300346374512,-0.39353299140930176,0,0.07962500303983688,0.9918659925460815,-0.09930200129747391,0,0.40151798725128174,0.05926699936389923,0.9139320254325867,0,0,0.09983199834823608,0.028161000460386276,1,0.1641869992017746,-0.045472998172044754,-0.9853799939155579,0,0.9756079912185669,-0.1400739997625351,0.16902300715446472,0,-0.14571300148963928,-0.9890959858894348,0.021366000175476074,0,0.1507209986448288,0.3509080111980438,-0.0033009999897331,1,0.9731040000915527,0.22876900434494019,0.02707899920642376,0,-0.18494799733161926,0.7057539820671082,0.6838899850845337,0,0.1373409926891327,-0.6705049872398376,0.7290819883346558,0,0,0.32168400287628174,0,1,-0.04224399849772453,0.9380000233650208,-0.3440510034561157,0,-0.9990329742431641,-0.04386899992823601,0.0030640000477433205,0,-0.012218999676406384,0.34384799003601074,0.938946008682251,0,0,0.5558720231056213,0,1,0.6096029877662659,-0.12267500162124634,0.7831569910049438,0,0.02015100046992302,0.9900320172309875,0.13939499855041504,0,-0.792451024055481,-0.069193996489048,0.6059979796409607,0,0,0.7489020228385925,0,1,0.8854849934577942,0.4169340133666992,-0.20513899624347687,0,-0.20821499824523926,0.7506930232048035,0.6269819736480713,0,0.4154059886932373,-0.5124710202217102,0.7515389919281006,0,-0.04298200085759163,0.026657000184059143,0.007007000036537647,1,0.9811360239982605,-0.072564996778965,-0.17918099462985992,0,0.06580699980258942,0.9968889951705933,-0.04338499903678894,0,0.18177199363708496,0.030774999409914017,0.9828590154647827,0,-0.01272599957883358,0.03881499916315079,0,1,0.6809669733047485,0.268108993768692,-0.6814699769020081,0,0.22703799605369568,0.8074259757995605,0.5445340275764465,0,0.6962310075759888,-0.5255299806594849,0.48895901441574097,0,-0.003298999974504113,0.06045899912714958,0,1,0.9656820297241211,0.25174498558044434,0.06390199810266495,0,-0.1038220003247261,0.14862599968910217,0.9834280014038086,0,0.23807500302791595,-0.9563130140304565,0.1696619987487793,0,-0.06303700059652328,0.18167099356651306,0.0008590000215917826,1,0.9986860156059265,0.05042300000786781,-0.009123999625444412,0,-0.010866000317037106,0.3824160099029541,0.9239259958267212,0,0.05007600039243698,-0.9226130247116089,0.3824610114097595,0,0.0006520000169984996,0.04845299944281578,0,1,0.9979239702224731,-0.03167099878191948,-0.056081999093294144,0,0.06361199915409088,0.3482840061187744,0.9352279901504517,0,-0.010087000206112862,-0.9368540048599243,0.349575012922287,0,-0.00002300000051036477,0.0435900017619133,0,1,0.9929879903793335,0.07466000318527222,0.09165699779987335,0,-0.0961579978466034,0.059098999947309494,0.9936100244522095,0,0.0687670037150383,-0.9954559803009033,0.0658629983663559,0,-0.02418299950659275,0.186367005109787,-0.0022879999596625566,1,0.9978439807891846,0.06525299698114395,-0.007031999994069338,0,-0.008232000283896923,0.23073099553585052,0.9729830026626587,0,0.06511200219392776,-0.9708269834518433,0.230771005153656,0,0.0004490000137593597,0.04813800007104874,0,1,0.9985589981079102,-0.028891999274492264,-0.04521999880671501,0,0.052880000323057175,0.38638800382614136,0.9208189845085144,0,-0.00913199968636036,-0.9218840003013611,0.38735899329185486,0,0.00006199999916134402,0.04778999835252762,0,1,0.9963489770889282,0.047467999160289764,0.07095900177955627,0,-0.07086499780416489,-0.003667999990284443,0.9974790215492249,0,0.04760799929499626,-0.9988660216331482,-0.0002899999963119626,0,0.02308100089430809,0.17782899737358093,-0.0015879999846220016,1,0.99993497133255,-0.007821000181138515,0.0082590002566576,0,-0.00367900007404387,0.46466800570487976,0.8854770064353943,0,-0.010762999765574932,-0.885450005531311,0.4646089971065521,0,0.00025400001322850585,0.052942998707294464,0,1,0.9994860291481018,-0.03045699931681156,-0.010036000050604343,0,0.018734000623226166,0.30053800344467163,0.9535859823226929,0,-0.026026999577879906,-0.9532830119132996,0.30095401406288147,0,-0.00019799999427050352,0.05130099877715111,0,1,0.9885029792785645,-0.029549000784754753,0.14828599989414215,0,-0.146015003323555,0.06812400370836258,0.9869340062141418,0,-0.039264000952243805,-0.9972389936447144,0.06302600353956223,0,0.0641390010714531,0.15502600371837616,-0.0009800000116229057,1,0.9997550249099731,-0.019545000046491623,-0.01039199996739626,0,0.015348999761044979,0.2737720012664795,0.9616720080375671,0,-0.015951000154018402,-0.9615960121154785,0.2740049958229065,0,0.0004299999854993075,0.06326399743556976,0,1,0.9998149871826172,-0.016203999519348145,-0.010382000356912613,0,0.018508000299334526,0.6618720293045044,0.7493879795074463,0,-0.0052720000967383385,-0.7494410276412964,0.6620500087738037,0,0.00001700000029813964,0.05552399903535843,0,1,-0.3399040102958679,0.1291559934616089,0.9315490126609802,0,-0.9369120001792908,-0.13246099650859833,-0.3234950006008148,0,0.0816119983792305,-0.9827370047569275,0.16603200137615204,0,-0.1507209986448288,0.350957989692688,-0.004017999861389399,1,0.9961050152778625,0.009146000258624554,0.08769900351762772,0,-0.07140900194644928,0.6671310067176819,0.7415099740028381,0,-0.05172500014305115,-0.7448850274085999,0.6651849746704102,0,0,0.32168400287628174,0,1,0.11018600314855576,-0.6333370208740234,0.7659919857978821,0,0.960536003112793,0.2658950090408325,0.08167699724435806,0,-0.2554030120372772,0.7267619967460632,0.6376410126686096,0,0,0.556318998336792,0,1,0.5239109992980957,-0.36300399899482727,-0.7705489993095398,0,0.3558090031147003,0.9152010083198547,-0.18922799825668335,0,0.7738980054855347,-0.175028994679451,0.6086440086364746,0,0,0.7471219897270203,0,1,0.8955209851264954,-0.06846500188112259,0.4397209882736206,0,-0.30105099081993103,0.6344799995422363,0.7119010090827942,0,-0.3277350068092346,-0.7699009776115417,0.5475789904594421,0,0.044082000851631165,0.02597999945282936,0.00945299956947565,1,0.8908810019493103,-0.3310199975967407,0.3110570013523102,0,0.3933599889278412,0.9046599864959717,-0.1638830006122589,0,-0.2271530032157898,0.2683579921722412,0.9361550211906433,0,0.01158399973064661,0.03998300060629845,0,1,0.9358029961585999,0.20337900519371033,-0.28794100880622864,0,-0.27553901076316833,0.9314680099487305,-0.2375819981098175,0,0.21988900005817413,0.30166900157928467,0.9277089834213257,0,-0.004923999775201082,0.05985800176858902,0,1,0.998790979385376,-0.04909700155258179,0.002397000091150403,0,0.021810000762343407,0.48633700609207153,0.8734989762306213,0,-0.04405200108885765,-0.8723909854888916,0.48681899905204773,0,0.06706500053405762,0.18151600658893585,0.000015999999959603883,1,0.9979069828987122,-0.06428100168704987,0.007017000112682581,0,0.01904500089585781,0.3958739936351776,0.9181069731712341,0,-0.06179499998688698,-0.916051983833313,0.3962700068950653,0,-0.00009899999713525176,0.0483970008790493,0,1,0.9989719986915588,0.0186769999563694,0.041315000504255295,0,-0.04507200047373772,0.508126974105835,0.8601019978523254,0,-0.004929000046104193,-0.8610799908638,0.5084459781646729,0,0.00002300000051036477,0.044769998639822006,0,1,0.9950910210609436,-0.09787499904632568,-0.014639000408351421,0,0.05053099989891052,0.3753190040588379,0.9255170226097107,0,-0.0850910022854805,-0.9217140078544617,0.37842199206352234,0,0.020669000223279,0.18546700477600098,-0.0016629999736323953,1,0.9972450137138367,-0.07326699793338776,0.01159599982202053,0,-0.004548999946564436,0.09562099725008011,0.995406985282898,0,-0.07403899729251862,-0.992717981338501,0.0950239971280098,0,-0.000015999999959603883,0.05055899918079376,0,1,0.9995419979095459,0.02539999969303608,0.01644900068640709,0,-0.030261000618338585,0.8413310050964355,0.5396720170974731,0,-0.0001320000010309741,-0.5399230122566223,0.8417140245437622,0,0.00007000000186963007,0.04644500091671944,0,1,0.9995700120925903,-0.019492000341415405,0.021918000653386116,0,-0.017601000145077705,0.19918200373649597,0.9798039793968201,0,-0.02346399985253811,-0.9797689914703369,0.19875399768352509,0,-0.019067000597715378,0.17634999752044678,-0.00033000000985339284,1,0.9999650120735168,-0.007089999970048666,-0.004337000194936991,0,0.006194999907165766,0.28805598616600037,0.9575939774513245,0,-0.005539999809116125,-0.9575870037078857,0.2880899906158447,0,-0.00009300000237999484,0.052212998270988464,0,1,0.9995520114898682,0.029791999608278275,0.002707999898120761,0,-0.02481899969279766,0.7753250002861023,0.6310750246047974,0,0.016700999811291695,-0.6308599710464478,0.77571702003479,0,0.00002300000051036477,0.05178099870681763,0,1,0.9931960105895996,-0.1000330001115799,-0.05962200090289116,0,0.065699003636837,0.05860099941492081,0.9961169958114624,0,-0.09615100175142288,-0.9932569861412048,0.0647749975323677,0,-0.0686660036444664,0.15241099894046783,-0.0018240000354126096,1,0.999925971031189,0.011056000366806984,0.004980999976396561,0,-0.010483999736607075,0.5818930268287659,0.8131979703903198,0,0.006093000061810017,-0.8131899833679199,0.581965982913971,0,-0.00009600000339560211,0.06865199655294418,0,1,0.9999719858169556,0.007247000001370907,0.0018260000506415963,0,-0.007317999843508005,0.9000779986381531,0.4356670081615448,0,0.0015140000032261014,-0.4356679916381836,0.9001060128211975,0,-0.000048000001697801054,0.054106999188661575,0,1,-0.6400150060653687,0.004840000066906214,0.7683470249176025,0,0.6267960071563721,-0.5750960111618042,0.5257290005683899,0,0.4444180130958557,0.8180720210075378,0.3650360107421875,0,0.23016299307346344,-0.14885400235652924,-0.03262300044298172,1,0.9596830010414124,-0.19144600629806519,-0.20580799877643585,0,-0.02420699968934059,0.6731809973716736,-0.7390810251235962,0,0.2800399959087372,0.7142660021781921,0.6414059996604919,0,0,1.2287869453430176,0,1,0.9693920016288757,-0.1324079930782318,0.20675300061702728,0,-0.1307470053434372,0.43436399102211,0.8911970257759094,0,-0.2078080028295517,-0.8909519910812378,0.4037579894065857,0,0,1.0921239852905273,0,1,0.9899259805679321,-0.03919300064444542,-0.13605600595474243,0,0.09968499839305878,0.8753259778022766,0.473145991563797,0,0.10054899752140045,-0.48194199800491333,0.8704149723052979,0,0,0.3138349950313568,0,1,-0.7524669766426086,0.33272799849510193,-0.5684069991111755,0,-0.5615580081939697,-0.775065004825592,0.28970101475715637,0,-0.3441610038280487,0.5371829867362976,0.7700570225715637,0,-0.23016299307346344,-0.14885400235652924,-0.033107999712228775,1,0.9990940093994141,-0.017753999680280685,0.0386819988489151,0,0.040160998702049255,0.6941959857940674,-0.7186650037765503,0,-0.01409399975091219,0.7195670008659363,0.6942800283432007,0,0,1.2288390398025513,0,1,0.8474559783935547,0.5155569911003113,-0.12656700611114502,0,0.03302900120615959,0.18674799799919128,0.9818519949913025,0,0.5298370122909546,-0.8362569808959961,0.14123299717903137,0,0,1.092283010482788,0,1,0.9960880279541016,0.0021019999403506517,0.08833999931812286,0,-0.03958600014448166,0.9044029712677002,0.4248400032520294,0,-0.0790020003914833,-0.4266749918460846,0.9009479880332947,0,0,0.32063600420951843,0,1
K0.033,0.5843179821968079,-0.009428921155631542,0.8114699721336365,0,-0.12092200666666031,0.9877579808235168,0.09855090826749802,0,-0.80246502161026,-0.15570995211601257,0.576024055480957,0,-0.012723005376756191,2.1967968940734863,0.0075689880177378654,1,0.996832013130188,-0.0432559996843338,-0.066740982234478,0,0.04699999839067459,0.9973469972610474,0.05558899790048599,0,0.06415998190641403,-0.058549996465444565,0.9962210059165955,0,0,0.268328994512558,-0.018689999356865883,1,0.9991539716720581,0.035540927201509476,-0.020670996978878975,0,-0.03511893004179001,0.9991750121116638,0.020404983311891556,0,0.02137899398803711,-0.019660985097289085,0.9995779991149902,0,0,0.31380900740623474,0,1,0.9996629953384399,0.01549395453184843,-0.02082599699497223,0,-0.015402954071760178,0.999871015548706,0.004530004691332579,0,0.020892996340990067,-0.004207005724310875,0.9997730255126953,0,0,0.3586390018463135,0,1,0.9862059950828552,-0.016086943447589874,-0.1647409200668335,0,0.022093944251537323,0.9991539716720581,0.03469402715563774,0,0.16404293477535248,-0.03785601630806923,0.9857270121574402,0,0,0.4034680128097534,0,1,0.922369122505188,-0.10106988996267319,-0.3728547990322113,0,0.06972790509462357,0.9928730130195618,-0.09664497524499893,0,0.37996575236320496,0.06314403563737869,0.9228430390357971,0,0,0.09983199834823608,0.028161000460386276,1,0.1471998244524002,-0.04197295010089874,-0.988215982913971,0,0.9746479988098145,-0.16405226290225983,0.1521468162536621,0,-0.16850526630878448,-0.9855579137802124,0.016759945079684258,0,0.1507209986448288,0.3509080111980438,-0.0033009999897331,1,0.9860110282897949,0.14235109090805054,0.08671274036169052,0,-0.16440874338150024,0.7449543476104736,0.6465385556221008,0,0.027438784018158913,-0.6517506837844849,0.7579371929168701,0,0,0.32168400287628174,0,1,-0.016056792810559273,0.883987307548523,-0.46723416447639465,0,-0.9995899796485901,-0.003121515503153205,0.02844526804983616,0,0.02368747629225254,0.46749913692474365,0.8836752772331238,0,0,0.5558720231056213,0,1,0.6076239943504333,-0.08858761936426163,0.7892690300941467,0,-0.0030682552605867386,0.993490993976593,0.11387071758508682,0,-0.7942190170288086,-0.07161302864551544,0.603397011756897,0,0,0.7489020228385925,0,1,0.8854849934577942,0.4169340133666992,-0.20513799786567688,0,-0.20821499824523926,0.7506930232048035,0.6269819736480713,0,0.4154059886932373,-0.5124710202217102,0.7515389919281006,0,-0.04298200085759163,0.026657000184059143,0.007007000036537647,1,0.9811360239982605,-0.072564996778965,-0.17918099462985992,0,0.06580699980258942,0.9968889951705933,-0.04338499903678894,0,0.18177199363708496,0.030774999409914017,0.9828590154647827,0,-0.01272599957883358,0.03881499916315079,0,1,0.6809669733047485,0.2681100070476532,-0.6814699769020081,0,0.22703799605369568,0.8074259757995605,0.5445340275764465,0,0.6962310075759888,-0.5255290269851685,0.48895901441574097,0,-0.003298999974504113,0.06045899912714958,0,1,0.9656820297241211,0.25174498558044434,0.06390199810266495,0,-0.1038220003247261,0.14862599968910217,0.9834280014038086,0,0.23807500302791595,-0.9563130140304565,0.1696619987487793,0,-0.06303700059652328,0.18167099356651306,0.0008590000215917826,1,0.9986860156059265,0.05042300000786781,-0.009123999625444412,0,-0.010866000317037106,0.3824160099029541,0.9239259958267212,0,0.05007600039243698,-0.9226130247116089,0.3824619948863983,0,0.0006520000169984996,0.04845299944281578,0,1,0.9979239702224731,-0.03167099878191948,-0.056081999093294144,0,0.06361199915409088,0.3482840061187744,0.9352279901504517,0,-0.010087000206112862,-0.9368540048599243,0.349575012922287,0,-0.00002300000051036477,0.0435900017619133,0,1,0.9929879903793335,0.0746610015630722,0.09165699779987335,0,-0.0961579978466034,0.059098001569509506,0.9936100244522095,0,0.0687670037150383,-0.9954559803009033,0.0658629983663559,0,-0.02418299950659275,0.186367005109787,-0.0022879999596625566,1,0.9978439807891846,0.06525299698114395,-0.007031999994069338,0,-0.008232000283896923,0.23073099553585052,0.9729830026626587,0,0.06511200219392776,-0.9708269834518433,0.230771005153656,0,0.0004490000137593597,0.04813800007104874,0,1,0.9985589981079102,-0.028891999274492264,-0.04521999880671501,0,0.052880000323057175,0.38638800382614136,0.9208189845085144,0,-0.00913199968636036,-0.9218840003013611,0.38735899329185486,0,0.00006199999916134402,0.04778999835252762,0,1,0.9963489770889282,0.047467999160289764,0.07095900177955627,0,-0.07086499780416489,-0.003667999990284443,0.9974790215492249,0,0.04760799929499626,-0.9988660216331482,-0.000291000003926456,0,0.02308100089430809,0.17782899737358093,-0.0015879999846220016,1,0.99993497133255,-0.007821000181138515,0.0082590002566576,0,-0.00367900007404387,0.46466800570487976,0.8854770064353943,0,-0.010762999765574932,-0.885450005531311,0.4646089971065521,0,0.00025400001322850585,0.052942998707294464,0,1,0.9994860291481018,-0.03045699931681156,-0.010036000050604343,0,0.018734000623226166,0.3005389869213104,0.9535859823226929,0,-0.026026999577879906,-0.9532830119132996,0.30095499753952026,0,-0.00019799999427050352,0.05130099877715111,0,1,0.9885029792785645,-0.029549000784754753,0.14828699827194214,0,-0.146015003323555,0.06812400370836258,0.9869340062141418,0,-0.039264000952243805,-0.9972389936447144,0.06302600353956223,0,0.0641390010714531,0.15502600371837616,-0.0009800000116229057,1,0.9997550249099731,-0.019545000046491623,-0.010393000207841396,0,0.015348999761044979,0.2737730145454407,0.9616720080375671,0,-0.015951000154018402,-0.9615960121154785,0.2740060091018677,0,0.0004299999854993075,0.06326399743556976,0,1,0.9998149871826172,-0.016203999519348145,-0.010382000356912613,0,0.018508000299334526,0.6618720293045044,0.7493879795074463,0,-0.0052720000967383385,-0.7494410276412964,0.6620500087738037,0,0.00001700000029813964,0.05552399903535843,0,1,-0.2924894094467163,0.10354773700237274,0.950646162033081,0,-0.9481900930404663,-0.16035032272338867,-0.27426740527153015,0,0.12403646111488342,-0.9816139340400696,0.1450837403535843,0,-0.1507209986448288,0.350957989692688,-0.004017999861389399,1,0.9976660013198853,0.0036229321267455816,0.06818275153636932,0,-0.050464753061532974,0.7117704749107361,0.7005975246429443,0,-0.0459928885102272,-0.7024035453796387,0.7102915048599243,0,0,0.32168400287628174,0,1,0.12482212483882904,-0.6028116941452026,0.7880592346191406,0,0.9504458904266357,0.3005833327770233,0.07938296347856522,0,-0.28473028540611267,0.7390991449356079,0.6104596853256226,0,0,0.556318998336792,0,1,0.5385591387748718,-0.34914982318878174,-0.7668430209159851,0,0.29740533232688904,0.9302971363067627,-0.21470224857330322,0,0.7883551120758057,-0.11243332922458649,0.604858934879303,0,0,0.7471219897270203,0,1,0.8955209851264954,-0.06846500188112259,0.4397209882736206,0,-0.30105099081993103,0.6344799995422363,0.7119010090827942,0,-0.3277350068092346,-0.7699009776115417,0.5475789904594421,0,0.044082000851631165,0.02597999945282936,0.00945299956947565,1,0.8908810019493103,-0.33101901412010193,0.31105801463127136,0,0.3933599889278412,0.9046599864959717,-0.1638830006122589,0,-0.2271530032157898,0.2683579921722412,0.9361550211906433,0,0.01158399973064661,0.03998300060629845,0,1,0.9358029961585999,0.20337900519371033,-0.28794100880622864,0,-0.27553901076316833,0.9314680099487305,-0.2375819981098175,0,0.21988900005817413,0.30166900157928467,0.9277089834213257,0,-0.004923999775201082,0.05985800176858902,0,1,0.998790979385376,-0.04909700155258179,0.0023980000987648964,0,0.021810000762343407,0.48633599281311035,0.8734989762306213,0,-0.04405200108885765,-0.8723909854888916,0.48681899905204773,0,0.06706500053405762,0.18151600658893585,0.000015999999959603883,1,0.9979069828987122,-0.06428100168704987,0.007017000112682581,0,0.01904500089585781,0.3958739936351776,0.9181069731712341,0,-0.06179499998688698,-0.916051983833313,0.3962700068950653,0,-0.00009899999713525176,0.0483970008790493,0,1,0.9989719986915588,0.0186769999563694,0.04131599888205528,0,-0.04507200047373772,0.508126974105835,0.8601019978523254,0,-0.0049299998208880424,-0.8610799908638,0.5084459781646729,0,0.00002300000051036477,0.044769998639822006,0,1,0.9950910210609436,-0.09787499904632568,-0.014638000167906284,0,0.05053099989891052,0.3753190040588379,0.9255170226097107,0,-0.0850910022854805,-0.9217140078544617,0.37842199206352234,0,0.020669000223279,0.18546700477600098,-0.0016629999736323953,1,0.9972450137138367,-0.07326699793338776,0.01159599982202053,0,-0.004548999946564436,0.09561999887228012,0.995406985282898,0,-0.07403899729251862,-0.992717981338501,0.0950239971280098,0,-0.000015999999959603883,0.05055899918079376,0,1,0.9995419979095459,0.02539999969303608,0.01644900068640709,0,-0.030261000618338585,0.8413310050964355,0.5396720170974731,0,-0.0001320000010309741,-0.5399230122566223,0.8417140245437622,0,0.00007000000186963007,0.04644500091671944,0,1,0.9995700120925903,-0.019492000341415405,0.021918000653386116,0,-0.017601000145077705,0.19918200373649597,0.9798039793968201,0,-0.02346399985253811,-0.9797689914703369,0.19875399768352509,0,-0.019067000597715378,0.17634999752044678,-0.00033000000985339284,1,0.9999650120735168,-0.007089000195264816,-0.004337000194936991,0,0.006196000147610903,0.2880550026893616,0.9575939774513245,0,-0.005539000034332275,-0.9575880169868469,0.28808900713920593,0,-0.00009300000237999484,0.052212998270988464,0,1,0.9995520114898682,0.029791999608278275,0.0027089999057352543,0,-0.02481899969279766,0.7753250002861023,0.6310750246047974,0,0.016700999811291695,-0.6308599710464478,0.77571702003479,0,0.00002300000051036477,0.05178099870681763,0,1,0.9931960105895996,-0.1000330001115799,-0.05962200090289116,0,0.065699003636837,0.05860200151801109,0.9961169958114624,0,-0.09615100175142288,-0.9932569861412048,0.0647749975323677,0,-0.0686660036444664,0.15241099894046783,-0.0018240000354126096,1,0.999925971031189,0.011056000366806984,0.004980999976396561,0,-0.010484999977052212,0.5818930268287659,0.8131979703903198,0,0.00609199982136488,-0.8131899833679199,0.581965982913971,0,-0.00009600000339560211,0.06865199655294418,0,1,0.9999719858169556,0.007247000001370907,0.0018260000506415963,0,-0.007317999843508005,0.9000779986381531,0.4356670081615448,0,0.0015140000032261014,-0.4356679916381836,0.9001060128211975,0,-0.000048000001697801054,0.054106999188661575,0,1,-0.6415169835090637,0.007783026434481144,0.7670699954032898,0,0.6182389259338379,-0.5867301225662231,0.5230000019073486,0,0.4541330933570862,0.8097449541091919,0.37158507108688354,0,0.23016299307346344,-0.14885400235652924,-0.03262300044298172,1,0.9593889713287354,-0.19016999006271362,-0.20834803581237793,0,-0.023868001997470856,0.681221067905426,-0.731688916683197,0,0.28107601404190063,0.7069469690322876,0.6490170359611511,0,0,1.2287869453430176,0,1,0.969353973865509,-0.13177800178527832,0.2073339968919754,0,-0.13050100207328796,0.43882906436920166,0.8890439867973328,0,-0.2081409990787506,-0.88885498046875,0.4081840515136719,0,0,1.0921239852905273,0,1,0.9899200201034546,-0.03917200118303299,-0.13609899580478668,0,0.09970100224018097,0.8752670288085938,0.47325199842453003,0,0.10058499872684479,-0.4820510149002075,0.8703500032424927,0,0,0.3138349950313568,0,1,-0.7486329674720764,0.34147608280181885,-0.5682809948921204,0,-0.5677460432052612,-0.772832989692688,0.28353795409202576,0,-0.34236499667167664,0.534904956817627,0.7724400162696838,0,-0.23016299307346344,-0.14885400235652924,-0.033107999712228775,1,0.9991819858551025,-0.017416996881365776,0.03650897741317749,0,0.038317978382110596,0.6967139840126038,-0.7163249850273132,0,-0.012960988096892834,0.7171379923820496,0.6968110203742981,0,0,1.2288390398025513,0,1,0.8478440046310425,0.5147579908370972,-0.12721699476242065,0,0.03305500000715256,0.1881440132856369,0.9815850257873535,0,0.5292140245437622,-0.8364359736442566,0.14250101149082184,0,0,1.092283010482788,0,1,0.9960880279541016,0.0021019999403506517,0.08833999931812286,0,-0.03958600014448166,0.9044029712677002,0.4248400032520294,0,-0.0790020003914833,-0.4266749918460846,0.9009479880332947,0,0,0.32063600420951843,0,1
