7.467,30,224,65
B0,mixamorig_Hips,-1,0.49042990803718567,0.008761550299823284,0.871425986289978,0,-0.08007582277059555,0.996172308921814,0.03505187854170799,0,-0.8677831888198853,-0.0869700238108635,0.489254891872406,0,-0.0445602610707283,2.0577309131622314,-0.15552808344364166,1
B1,mixamorig_Spine,0,0.9970165491104126,-0.011139464564621449,-0.07637959718704224,0,0.009254549629986286,0.9996447563171387,-0.024983558803796768,0,0.07663089781999588,0.02420162223279476,0.9967653751373291,0,0,0.268328994512558,-0.018689999356865883,1
B2,mixamorig_Spine1,1,0.9858349561691284,-0.01962224766612053,-0.16655796766281128,0,0.03421717882156372,0.995775043964386,0.0852103978395462,0,0.164181649684906,-0.08970395475625992,0.9823418259620667,0,0,0.31380900740623474,0,1
B3,mixamorig_Spine2,2,0.9857822060585022,-0.019542191177606583,-0.1668792963027954,0,0.03403858095407486,0.9958454370498657,0.08444860577583313,0,0.16453498601913452,-0.08892878144979477,0.982352614402771,0,0,0.3586390018463135,0,1
B4,mixamorig_Neck,3,0.9885358214378357,-0.09997186064720154,-0.113146111369133,0,0.12106095254421234,0.9726353883743286,0.19829896092414856,0,0.09022672474384308,-0.2097235918045044,0.9735886454582214,0,0,0.4034680128097534,0,1
B5,mixamorig_Head,4,0.9133562445640564,-0.12228928506374359,-0.38835442066192627,0,0.10729537159204483,0.9924052357673645,-0.060156624764204025,0,0.39276161789894104,0.013275334611535072,0.9195407629013062,0,0,0.09983199834823608,0.028161000460386276,1
B6,mixamorig_HeadTop_End,5,1,0,0,0,0,1,0,0,0,0,1,0,0,0.7941700220108032,0.22402000427246094,1
B7,mixamorig_LeftShoulder,3,-0.08406608551740646,0.004755387548357248,-0.9964480400085449,0,0.9930019378662109,-0.08282680064439774,-0.08417092263698578,0,-0.08293294161558151,-0.9965528845787048,0.0022417569998651743,0,0.1507209986448288,0.3509080111980438,-0.0033009999897331,1
B8,mixamorig_LeftArm,7,0.601542055606842,0.7828967571258545,0.1573975384235382,0,-0.635540246963501,0.5886766314506531,-0.4991941452026367,0,-0.48376309871673584,0.200425922870636,0.8518857955932617,0,0,0.32168400287628174,0,1
B9,mixamorig_LeftForeArm,8,0.2602572739124298,0.5403044819831848,-0.8002104759216309,0,-0.8740233778953552,0.48401811718940735,0.04254654422402382,0,0.4103051424026489,0.6883292198181152,0.5982077121734619,0,0,0.5558720231056213,0,1
B10,mixamorig_LeftHand,9,0.45955076813697815,-0.04636980965733528,0.886930525302887,0,0.16198888421058655,0.986240565776825,-0.03237295523285866,0,-0.873249888420105,0.15855547785758972,0.4607289433479309,0,0,0.7489020228385925,0,1
B11,mixamorig_LeftHandThumb1,10,0.9372159838676453,0.29062798619270325,-0.1927739977836609,0,-0.22396500408649445,0.9252789616584778,0.30610400438308716,0,0.2673319876194,-0.24371099472045898,0.9322760105133057,0,-0.04298200085759163,0.026657000184059143,0.007007000036537647,1
B12,mixamorig_LeftHandThumb2,11,0.9995840191841125,-0.027952000498771667,-0.007122000213712454,0,0.028763078153133392,0.984470009803772,0.17317800223827362,0,0.002171000000089407,-0.1733109951019287,0.9848650097846985,0,-0.01272599957883358,0.03881499916315079,0,1
B13,mixamorig_LeftHandThumb3,12,0.9761660099029541,0.21650899946689606,0.014933999627828598,0,-0.21685299277305603,0.9758129715919495,0.027620000764727592,0,-0.008592999540269375,-0.03020092099905014,0.9995070099830627,0,-0.003298999974504113,0.06045899912714958,0,1
B14,mixamorig_LeftHandThumb4,13,1,0,0,0,0,1,0,0,0,0,1,0,0.01602499932050705,0.058823999017477036,0,1
B15,mixamorig_LeftHandIndex1,10,0.9898210167884827,0.14231599867343903,0.0002969999914057553,0,-0.1423110067844391,0.9897990226745605,-0.00674000009894371,0,-0.0012529999949038029,0.006628999952226877,0.9999769926071167,0,-0.06303700059652328,0.18167099356651306,0.0008590000215917826,1
B16,mixamorig_LeftHandIndex2,15,0.9998949766159058,-0.014431999996304512,-0.0012400000123307109,0,0.014431999996304512,0.9998959898948669,3.0996955047157826e-7,0,0.0012400000123307109,-0.000018309970982954837,0.9999989867210388,0,0.0006520000169984996,0.04845299944281578,0,1
B17,mixamorig_LeftHandIndex3,16,0.9998490214347839,-0.017288077622652054,0.0018820000113919377,0,0.017288077622652054,0.9998509883880615,0.00003199999991920777,0,-0.001883000019006431,9.999999974752427e-7,0.9999979734420776,0,-0.00002300000051036477,0.0435900017619133,0,1
B18,mixamorig_LeftHandIndex4,17,1,0,0,0,0,1,0,0,0,0,1,0,-0.0006290000164881349,0.03467100113630295,0,1
B19,mixamorig_LeftHandMiddle1,10,0.9906690120697021,0.13629107177257538,-0.0003600000054575503,0,-0.1362900733947754,0.9906439781188965,-0.007011000066995621,0,-0.0005990000208839774,0.006994999945163727,0.9999750256538391,0,-0.02418299950659275,0.186367005109787,-0.0022879999596625566,1
B20,mixamorig_LeftHandMiddle2,19,0.9999799728393555,-0.006260999944061041,-0.0005440000095404685,0,0.006260999944061041,0.9999799728393555,0.0002800000074785203,0,0.0005419999943114817,-0.00028300000121816993,1,0,0.0004490000137593597,0.04813800007104874,0,1
B21,mixamorig_LeftHandMiddle3,20,0.9998940229415894,-0.014560000039637089,0.0009670000290498137,0,0.014560000039637089,0.9998940229415894,0.000012922507266921457,0,-0.0009670000290498137,0.0000019999999949504854,1,0,0.00006199999916134402,0.04778999835252762,0,1
B22,mixamorig_LeftHandMiddle4,21,1,0,0,0,0,1,0,0,0,0,1,0,-0.0005099999834783375,0.04010099917650223,0,1
B23,mixamorig_LeftHandRing1,10,0.9910299777984619,0.13363899290561676,0.00023400000645779073,0,-0.13363400101661682,0.9910079836845398,-0.006736000068485737,0,-0.0011320000048726797,0.006643999833613634,0.9999769926071167,0,0.02308100089430809,0.17782899737358093,-0.0015879999846220016,1
B24,mixamorig_LeftHandRing2,23,0.9999539852142334,-0.009569999761879444,-0.00010592250328045338,0,0.009569999761879444,0.9999539852142334,0.0000029225077469163807,0,0.0001049999991664663,-0.00000392250740333111,1,0,0.00025400001322850585,0.052942998707294464,0,1
B25,mixamorig_LeftHandRing3,24,0.9999989867210388,0.0015399999683722854,-0.00011200000153621659,0,-0.0015399999683722854,0.9999989867210388,0,0,0.00011200000153621659,0,1,0,-0.00019799999427050352,0.05130099877715111,0,1
B26,mixamorig_LeftHandRing4,25,1,0,0,0,0,1,0,0,0,0,1,0,-0.000056000000768108293,0.0424249991774559,0,1
B27,mixamorig_LeftHandPinky1,10,0.9979439973831177,0.06404107809066772,0.0025140000507235527,0,-0.0639910027384758,0.9978129863739014,-0.016587000340223312,0,-0.003570999950170517,0.016392000019550323,0.9998589754104614,0,0.0641390010714531,0.15502600371837616,-0.0009800000116229057,1
B28,mixamorig_LeftHandPinky2,27,0.9979339241981506,0.0642549991607666,-0.000009000000318337698,0,-0.06425199657678604,0.9978839755058289,0.009979999624192715,0,0.0006500000017695129,-0.009958922863006592,0.9999499917030334,0,0.0004299999854993075,0.06326399743556976,0,1
B29,mixamorig_LeftHandPinky3,28,0.9999669790267944,-0.008129999972879887,0.0006750000175088644,0,0.008129999972879887,0.9999669790267944,0.000004999999873689376,0,-0.0006750000175088644,9.225075814356387e-7,1,0,0.00001700000029813964,0.05552399903535843,0,1
B30,mixamorig_LeftHandPinky4,29,1,0,0,0,0,1,0,0,0,0,1,0,-0.000446999998530373,0.04917600005865097,0,1
B31,mixamorig_RightShoulder,3,0.050912268459796906,-0.02292707748711109,0.9984399676322937,0,-0.9719624519348145,-0.23093309998512268,0.04425875470042229,0,0.22955815494060516,-0.9726997017860413,-0.034040987491607666,0,-0.1507209986448288,0.350957989692688,-0.004017999861389399,1
B32,mixamorig_RightArm,31,0.8884982466697693,-0.457832008600235,0.030532553791999817,0,0.19155503809452057,0.430533766746521,0.8820035457611084,0,-0.41694778203964233,-0.7778152227401733,0.4702439606189728,0,0,0.32168400287628174,0,1
B33,mixamorig_RightForeArm,32,0.1194903701543808,-0.5667401552200317,0.8151858448982239,0,0.9550471305847168,0.2899821400642395,0.06161216273903847,0,-0.2713073790073395,0.7711787819862366,0.5759128928184509,0,0,0.556318998336792,0,1
B34,mixamorig_RightHand,33,0.3788933753967285,0.31201592087745667,-0.8712553381919861,0,-0.024707971140742302,0.9445201754570007,0.3275095522403717,0,0.9251067638397217,-0.10256466269493103,0.3655807375907898,0,0,0.7471219897270203,0,1
B35,mixamorig_RightHandThumb1,34,0.931439995765686,-0.308771014213562,0.192563995718956,0,0.2444249987602234,0.9228910207748413,0.2975369989871979,0,-0.2695859968662262,-0.23007091879844666,0.9350889921188354,0,0.044082000851631165,0.02597999945282936,0.00945299956947565,1
B36,mixamorig_RightHandThumb2,35,0.995764970779419,0.017967000603675842,0.09015907347202301,0,-0.05956500023603439,0.8731110095977783,0.4838680028915405,0,-0.07002507150173187,-0.48719000816345215,0.8704839944839478,0,0.01158399973064661,0.03998300060629845,0,1
B37,mixamorig_RightHandThumb3,36,0.995061993598938,0.09925592690706253,-0.0007880000048317015,0,-0.09721200168132782,0.9761170148849487,0.19428099691867828,0,0.020052999258041382,-0.19324499368667603,0.9809460043907166,0,-0.004923999775201082,0.05985800176858902,0,1
B38,mixamorig_RightHandThumb4,37,1,0,0,0,0,1,0,0,0,0,1,0,-0.006659999955445528,0.05996600165963173,0,1
B39,mixamorig_RightHandIndex1,34,0.9936000108718872,-0.11295399814844131,0.00010592250328045338,0,0.11294999718666077,0.9935590028762817,-0.009108000434935093,0,0.0009239999926649034,0.00906199961900711,0.9999589920043945,0,0.06706500053405762,0.18151600658893585,0.000015999999959603883,1
B40,mixamorig_RightHandIndex2,39,0.9999979734420776,0.002065999899059534,0.00015007749607320875,0,-0.002065999899059534,0.9999979734420776,0,0,-0.00015007749607320875,0,1,0,-0.00009899999713525176,0.0483970008790493,0,1
B41,mixamorig_RightHandIndex3,40,0.9999960064888,0.0027550000231713057,-0.0001230000052601099,0,-0.0027550000231713057,0.9999960064888,0,0,0.0001230000052601099,7.749238761789456e-8,1,0,0.00002300000051036477,0.044769998639822006,0,1
B42,mixamorig_RightHandIndex4,41,1,0,0,0,0,1,0,0,0,0,1,0,0.00007599999662488699,0.03627999871969223,0,1
B43,mixamorig_RightHandMiddle1,34,0.9938309788703918,-0.11090700328350067,-0.0005080000264570117,0,0.11089800298213959,0.9937899708747864,-0.009107000194489956,0,0.0015150000108405948,0.00899492297321558,0.9999579787254333,0,0.020669000223279,0.18546700477600098,-0.0016629999736323953,1
B44,mixamorig_RightHandMiddle2,43,0.9999979734420776,0.0021550001110881567,-0.00010099999781232327,0,-0.0021550001110881567,0.9999979734420776,9.225075814356387e-7,0,0.00010099999781232327,-9.225075814356387e-7,1,0,-0.000015999999959603883,0.05055899918079376,0,1
B45,mixamorig_RightHandMiddle3,44,0.9999880194664001,-0.004865000024437904,-0.000037000001611886546,0,0.004865000024437904,0.9999880194664001,-9.999999974752427e-7,0,0.000037000001611886546,9.999999974752427e-7,1,0,0.00007000000186963007,0.04644500091671944,0,1
B46,mixamorig_RightHandMiddle4,45,1,0,0,0,0,1,0,0,0,0,1,0,-0.000052999999752501026,0.0369269996881485,0,1
B47,mixamorig_RightHandRing1,34,0.9936169981956482,-0.11280500143766403,0.0000470000013592653,0,0.11280100047588348,0.9935759902000427,-0.009107000194489956,0,0.0009800000116229057,0.0090549997985363,0.9999589920043945,0,-0.019067000597715378,0.17634999752044678,-0.00033000000985339284,1
B48,mixamorig_RightHandRing2,47,0.9999979734420776,0.0019160000374540687,0.00013899999612476677,0,-0.0019160000374540687,0.9999979734420776,0,0,-0.00013899999612476677,0,1,0,-0.00009300000237999484,0.052212998270988464,0,1
B49,mixamorig_RightHandRing3,48,0.9999979734420776,0.002179000061005354,-0.00007699999696342275,0,-0.002179000061005354,0.9999979734420776,9.999999974752427e-7,0,0.00007699999696342275,-9.999999974752427e-7,1,0,0.00002300000051036477,0.05178099870681763,0,1
B50,mixamorig_RightHandRing4,49,1,0,0,0,0,1,0,0,0,0,1,0,0.00007000000186963007,0.04593599960207939,0,1
B51,mixamorig_RightHandPinky1,34,0.9936659932136536,-0.11236199736595154,-0.0016299999551847577,0,0.11234299838542938,0.9936280250549316,-0.0091099226847291,0,0.002643000101670623,0.008868999779224396,0.9999570250511169,0,-0.0686660036444664,0.15241099894046783,-0.0018240000354126096,1
B52,mixamorig_RightHandPinky2,51,0.9999989867210388,0.0014560000272467732,0.00002692250745894853,0,-0.0014560000272467732,0.9999989867210388,9.999999974752427e-7,0,-0.00002692250745894853,-0.0000019225076357543003,1,0,-0.00009600000339560211,0.06865199655294418,0,1
B53,mixamorig_RightHandPinky3,52,0.9999979734420776,0.0021510000806301832,-0.00031900001340545714,0,-0.0021510000806301832,0.9999979734420776,0.0000010774923566714278,0,0.00031900001340545714,-9.999999974752427e-7,1,0,-0.000048000001697801054,0.054106999188661575,0,1
B54,mixamorig_RightHandPinky4,53,1,0,0,0,0,1,0,0,0,0,1,0,0.00014400000509340316,0.04647200182080269,0,1
B55,mixamorig_LeftUpLeg,0,-0.7737931609153748,-0.33378133177757263,0.5383617877960205,0,0.6192505359649658,-0.5774552226066589,0.5320322513580322,0,0.13329939544200897,0.7450648546218872,0.6535249352455139,0,0.23016299307346344,-0.14885400235652924,-0.03262300044298172,1
B56,mixamorig_LeftLeg,55,0.9808942675590515,-0.15100812911987305,-0.1226457729935646,0,0.07220921665430069,0.8680237531661987,-0.4912424087524414,0,0.18064117431640625,0.47300076484680176,0.86234450340271,0,0,1.2287869453430176,0,1
B57,mixamorig_LeftFoot,56,0.9399383068084717,-0.3407938480377197,-0.019143322482705116,0,0.22914132475852966,0.5884392261505127,0.7753762006759644,0,-0.2529696822166443,-0.7332030534744263,0.6311907768249512,0,0,1.0921239852905273,0,1
B58,mixamorig_LeftToeBase,57,0.996489942073822,0.0000019225076357543003,-0.08371438831090927,0,0.03443707898259163,0.9114609360694885,0.40994197130203247,0,0.07630246132612228,-0.41138598322868347,0.9082618355751038,0,0,0.3138349950313568,0,1
B59,mixamorig_LeftToe_End,58,1,0,0,0,0,1,0,0,0,0,1,0,0,0.12210000306367874,0,1
B60,mixamorig_RightUpLeg,0,-0.7001432180404663,0.44148051738739014,-0.5611439943313599,0,-0.6551012992858887,-0.7097757458686829,0.25894108414649963,0,-0.2839648723602295,0.5489040017127991,0.7861618995666504,0,-0.23016299307346344,-0.14885400235652924,-0.033107999712228775,1
B61,mixamorig_RightLeg,60,0.9963160157203674,0.08519180119037628,-0.009780924767255783,0,-0.0453154481947422,0.4263029396533966,-0.9033681154251099,0,-0.07279672473669052,0.9004830718040466,0.4285943806171417,0,0,1.2288390398025513,0,1
B62,mixamorig_RightFoot,61,0.8866072297096252,0.4583269953727722,-0.06214400753378868,0,0.09482244402170181,-0.048619840294122696,0.9942856431007385,0,0.4526955187320709,-0.8874306082725525,-0.08656783401966095,0,0,1.092283010482788,0,1
B63,mixamorig_RightToeBase,62,0.9973559379577637,-0.000006000000212225132,0.07267431169748306,0,-0.02917500026524067,0.9158495664596558,0.4004595875740051,0,-0.06656131148338318,-0.40152060985565186,0.9134275913238525,0,0,0.32063600420951843,0,1
B64,mixamorig_RightToe_End,63,1,0,0,0,0,1,0,0,0,0,1,0,0,0.12245699763298035,0,1
@52,0,1,2,3,4,5,7,8,9,10,11,12,13,15,16,17,19,20,21,23,24,25,27,28,29,31,32,33,34,35,36,37,39,40,41,43,44,45,47,48,49,51,52,53,55,56,57,58,60,61,62,63
K0.000,0.07506900280714035,0.08571100234985352,0.9934880137443542,0,-0.05578399822115898,0.9951000213623047,-0.0816349983215332,0,-0.9956169724464417,-0.049293000251054764,0.07948300242424011,0,-0.016544999554753304,1.7675169706344604,-0.004519999958574772,1,0.9968169927597046,-0.07742100208997726,0.019040999934077263,0,0.07754100114107132,0.9969729781150818,-0.005611000116914511,0,-0.018549000844359398,0.007069000042974949,0.9998030066490173,0,0,0.268328994512558,-0.018689999356865883,1,0.9952880144119263,-0.09254000335931778,0.028967000544071198,0,0.08839499950408936,0.9886720180511475,0.12130200117826462,0,-0.03986499831080437,-0.11817000061273575,0.9921929836273193,0,0,0.31380900740623474,0,1,0.9952279925346375,-0.0928020030260086,0.030156999826431274,0,0.08853500336408615,0.9887189865112305,0.12081199884414673,0,-0.04102800041437149,-0.11756499856710434,0.9922170042991638,0,0,0.3586390018463135,0,1,0.9979159832000732,0.05084700137376785,-0.039733000099658966,0,-0.04617200046777725,0.9927679896354675,0.1108120009303093,0,0.0450810007750988,-0.1087459996342659,0.9930469989776611,0,0,0.4034680128097534,0,1,0.9695169925689697,-0.06651599705219269,-0.23582099378108978,0,0.060391999781131744,0.997626006603241,-0.0331059992313385,0,0.23746299743652344,0.017854999750852585,0.971231997013092,0,0,0.09983199834823608,0.028161000460386276,1,0.20259900391101837,0.054652001708745956,-0.9777349829673767,0,0.9458649754524231,-0.26945000886917114,0.18093399703502655,0,-0.25356200337409973,-0.9614620208740234,-0.106283999979496,0,0.1507209986448288,0.3509080111980438,-0.0033009999897331,1,0.7218419909477234,0.6821659803390503,0.1165900006890297,0,-0.6112880110740662,0.5495010018348694,0.5695400238037109,0,0.32445499300956726,-0.4823879897594452,0.8136529922485352,0,0,0.32168400287628174,0,1,0.5529739856719971,0.1757110059261322,-0.8144599795341492,0,-0.2842380106449127,0.95865398645401,0.013837000355124474,0,0.7832170128822327,0.22384899854660034,0.580053985118866,0,0,0.5558720231056213,0,1,-0.21709200739860535,-0.5768659710884094,0.7874619960784912,0,-0.7631469964981079,0.6033080220222473,0.23157300055027008,0,-0.6086689829826355,-0.5506770014762878,-0.5712069869041443,0,0,0.7489020228385925,0,1,0.9372159838676453,0.29062798619270325,-0.1927739977836609,0,-0.22396500408649445,0.9252780079841614,0.30610400438308716,0,0.2673319876194,-0.24371099472045898,0.9322760105133057,0,-0.04298200085759163,0.026657000184059143,0.007007000036537647,1,0.9995840191841125,-0.027952000498771667,-0.007122000213712454,0,0.02876400016248226,0.984470009803772,0.17317800223827362,0,0.002171000000089407,-0.1733109951019287,0.9848650097846985,0,-0.01272599957883358,0.03881499916315079,0,1,0.9761660099029541,0.21650899946689606,0.014933999627828598,0,-0.2168540060520172,0.9758129715919495,0.027620000764727592,0,-0.008592999540269375,-0.03020000085234642,0.9995070099830627,0,-0.003298999974504113,0.06045899912714958,0,1,0.9898210167884827,0.14231599867343903,0.0002969999914057553,0,-0.1423110067844391,0.9897990226745605,-0.00674000009894371,0,-0.0012529999949038029,0.006628999952226877,0.9999769926071167,0,-0.06303700059652328,0.18167099356651306,0.0008590000215917826,1,0.9998949766159058,-0.014431999996304512,-0.0012400000123307109,0,0.014431999996304512,0.9998959898948669,0,0,0.0012400000123307109,-0.000018000000636675395,0.9999989867210388,0,0.0006520000169984996,0.04845299944281578,0,1,0.9998490214347839,-0.017288999632000923,0.0018820000113919377,0,0.017288999632000923,0.9998509883880615,0.00003199999991920777,0,-0.001883000019006431,0,0.9999979734420776,0,-0.00002300000051036477,0.0435900017619133,0,1,0.9906690120697021,0.1362919956445694,-0.0003600000054575503,0,-0.1362909972667694,0.9906439781188965,-0.007011000066995621,0,-0.0005990000208839774,0.006994999945163727,0.9999750256538391,0,-0.02418299950659275,0.186367005109787,-0.0022879999596625566,1,0.9999799728393555,-0.006260999944061041,-0.0005440000095404685,0,0.006260999944061041,0.9999799728393555,0.0002800000074785203,0,0.0005419999943114817,-0.00028300000121816993,1,0,0.0004490000137593597,0.04813800007104874,0,1,0.9998940229415894,-0.014560000039637089,0.0009670000290498137,0,0.014560000039637089,0.9998940229415894,0.000012000000424450263,0,-0.0009670000290498137,0.0000019999999949504854,1,0,0.00006199999916134402,0.04778999835252762,0,1,0.9910299777984619,0.13363899290561676,0.00023400000645779073,0,-0.1336349993944168,0.9910079836845398,-0.006736000068485737,0,-0.0011320000048726797,0.006643999833613634,0.9999769926071167,0,0.02308100089430809,0.17782899737358093,-0.0015879999846220016,1,0.9999539852142334,-0.009569999761879444,-0.0001049999991664663,0,0.009569999761879444,0.9999539852142334,0,0,0.0001049999991664663,0,1,0,0.00025400001322850585,0.052942998707294464,0,1,0.9999989867210388,0.0015399999683722854,-0.00011200000153621659,0,-0.0015399999683722854,0.9999989867210388,0,0,0.00011200000153621659,0,1,0,-0.00019799999427050352,0.05130099877715111,0,1,0.9979439973831177,0.06404200196266174,0.0025140000507235527,0,-0.0639910027384758,0.9978129863739014,-0.016587000340223312,0,-0.003570999950170517,0.016392000019550323,0.9998589754104614,0,0.0641390010714531,0.15502600371837616,-0.0009800000116229057,1,0.9979329705238342,0.06425599753856659,-0.000009000000318337698,0,-0.06425199657678604,0.9978839755058289,0.009979999624192715,0,0.0006500000017695129,-0.009959000162780285,0.9999499917030334,0,0.0004299999854993075,0.06326399743556976,0,1,0.9999669790267944,-0.008129999972879887,0.0006750000175088644,0,0.008129999972879887,0.9999669790267944,0.000004999999873689376,0,-0.0006750000175088644,0,1,0,0.00001700000029813964,0.05552399903535843,0,1,-0.19198399782180786,0.050551000982522964,0.9800950288772583,0,-0.9577779769897461,-0.22743800282478333,-0.17588099837303162,0,0.2140199989080429,-0.9724799990653992,0.09208100289106369,0,-0.1507209986448288,0.350957989692688,-0.004017999861389399,1,0.0038920000661164522,-0.9666100144386292,-0.25622299313545227,0,0.97428297996521,0.06139200180768967,-0.21680499613285065,0,0.2252960056066513,-0.24878999590873718,0.9419900178909302,0,0,0.32168400287628174,0,1,0.02367899939417839,-0.5873249769210815,0.8090050220489502,0,0.989736020565033,0.12785199284553528,0.06385000050067902,0,-0.14093400537967682,0.7991889715194702,0.5843240022659302,0,0,0.556318998336792,0,1,0.3969610035419464,0.06270799785852432,-0.9156910181045532,0,-0.09359999746084213,0.9952279925346375,0.027577999979257584,0,0.9130499958992004,0.07476100325584412,0.4009369909763336,0,0,0.7471219897270203,0,1,0.931439995765686,-0.308771014213562,0.192563995718956,0,0.2444249987602234,0.9228910207748413,0.2975369989871979,0,-0.2695859968662262,-0.23007099330425262,0.9350889921188354,0,0.044082000851631165,0.02597999945282936,0.00945299956947565,1,0.995764970779419,0.017967000603675842,0.09015899896621704,0,-0.059564001858234406,0.8731110095977783,0.4838680028915405,0,-0.07002600282430649,-0.48719000816345215,0.8704839944839478,0,0.01158399973064661,0.03998300060629845,0,1,0.995061993598938,0.0992560014128685,-0.0007880000048317015,0,-0.09721200168132782,0.9761170148849487,0.19428099691867828,0,0.020052999258041382,-0.19324499368667603,0.9809460043907166,0,-0.004923999775201082,0.05985800176858902,0,1,0.9936000108718872,-0.11295399814844131,0.0001049999991664663,0,0.11294999718666077,0.9935590028762817,-0.009108000434935093,0,0.0009239999926649034,0.00906199961900711,0.9999589920043945,0,0.06706500053405762,0.18151600658893585,0.000015999999959603883,1,0.9999979734420776,0.002065999899059534,0.00015100000018719584,0,-0.002065999899059534,0.9999979734420776,0,0,-0.00015100000018719584,0,1,0,-0.00009899999713525176,0.0483970008790493,0,1,0.9999960064888,0.0027550000231713057,-0.0001230000052601099,0,-0.0027550000231713057,0.9999960064888,0,0,0.0001230000052601099,0,1,0,0.00002300000051036477,0.044769998639822006,0,1,0.9938309788703918,-0.11090700328350067,-0.0005080000264570117,0,0.11089800298213959,0.9937899708747864,-0.009107000194489956,0,0.0015150000108405948,0.008994000032544136,0.9999579787254333,0,0.020669000223279,0.18546700477600098,-0.0016629999736323953,1,0.9999979734420776,0.0021550001110881567,-0.00010099999781232327,0,-0.0021550001110881567,0.9999979734420776,0.0000019999999949504854,0,0.00010099999781232327,-0.0000019999999949504854,1,0,-0.000015999999959603883,0.05055899918079376,0,1,0.9999880194664001,-0.004865000024437904,-0.000037000001611886546,0,0.004865000024437904,0.9999880194664001,0,0,0.000037000001611886546,0,1,0,0.00007000000186963007,0.04644500091671944,0,1,0.9936169981956482,-0.11280500143766403,0.0000470000013592653,0,0.1128000020980835,0.9935759902000427,-0.009108000434935093,0,0.0009800000116229057,0.0090549997985363,0.9999589920043945,0,-0.019067000597715378,0.17634999752044678,-0.00033000000985339284,1,0.9999979734420776,0.0019160000374540687,0.00013899999612476677,0,-0.0019160000374540687,0.9999979734420776,0,0,-0.00013899999612476677,0,1,0,-0.00009300000237999484,0.052212998270988464,0,1,0.9999979734420776,0.002179000061005354,-0.00007699999696342275,0,-0.002179000061005354,0.9999979734420776,0,0,0.00007699999696342275,0,1,0,0.00002300000051036477,0.05178099870681763,0,1,0.9936659932136536,-0.11236199736595154,-0.0016299999551847577,0,0.11234299838542938,0.9936280250549316,-0.009109999984502792,0,0.002643000101670623,0.008868999779224396,0.9999570250511169,0,-0.0686660036444664,0.15241099894046783,-0.0018240000354126096,1,0.9999989867210388,0.0014560000272467732,0.000025999999706982635,0,-0.0014560000272467732,0.9999989867210388,0.000003000000106112566,0,-0.000025999999706982635,-0.000003000000106112566,1,0,-0.00009600000339560211,0.06865199655294418,0,1,0.9999979734420776,0.00215000007301569,-0.00031900001340545714,0,-0.00215000007301569,0.9999979734420776,0,0,0.00031900001340545714,0,1,0,-0.000048000001697801054,0.054106999188661575,0,1,-0.6121799945831299,-0.4106610119342804,0.6757169961929321,0,0.7802190184593201,-0.45251500606536865,0.43184399604797363,0,0.12843100726604462,0.7915729880332947,0.5974259972572327,0,0.23016299307346344,-0.14885400235652924,-0.03262300044298172,1,0.9790840148925781,-0.20277799665927887,-0.016599999740719795,0,0.0527149997651577,0.3316330015659332,-0.9419350028038025,0,0.1965090036392212,0.9213579893112183,0.3353860080242157,0,0,1.2287869453430176,0,1,0.9438170194625854,-0.32958799600601196,-0.024102000519633293,0,0.09889599680900574,0.21210600435733795,0.9722300171852112,0,-0.31532299518585205,-0.9199910163879395,0.23278500139713287,0,0,1.0921239852905273,0,1,0.9966359734535217,-0.00006500000017695129,-0.08195699751377106,0,0.03450499847531319,0.9073870182037354,0.4188779890537262,0,0.07433900237083435,-0.4202960133552551,0.9043369889259338,0,0,0.3138349950313568,0,1,-0.6233689785003662,0.5517899990081787,-0.5540210008621216,0,-0.7745699882507324,-0.3387860059738159,0.5341029763221741,0,0.10701800137758255,0.7620710134506226,0.638588011264801,0,-0.23016299307346344,-0.14885400235652924,-0.033107999712228775,1,0.9791679978370667,0.20266200602054596,-0.012602999806404114,0,-0.04734399914741516,0.16750399768352509,-0.9847339987754822,0,-0.19745700061321259,0.9648159742355347,0.17360900342464447,0,0,1.2288390398025513,0,1,0.9158239960670471,0.3746809959411621,0.14450399577617645,0,-0.14981700479984283,-0.015080000273883343,0.9885990023612976,0,0.37258800864219666,-0.9270309805870056,0.042323000729084015,0,0,1.092283010482788,0,1,0.997393012046814,0.000029000000722589903,0.07216800004243851,0,-0.029193999245762825,0.9146869778633118,0.4031069874763489,0,-0.06599900126457214,-0.4041630029678345,0.9123029708862305,0,0,0.32063600420951843,0,1
K0.033,0.02839760109782219,0.06023581698536873,0.9977800250053406,0,-0.04603893682360649,0.9972019791603088,-0.05889083072543144,0,-0.9985359907150269,-0.04426395893096924,0.031091591343283653,0,-0.01504298485815525,1.7720431089401245,0.012374239042401314,1,0.9970149993896484,-0.0734119638800621,0.023919060826301575,0,0.07358596473932266,0.99726802110672,-0.006486002821475267,0,-0.02337806113064289,0.008227006532251835,0.999692976474762,0,0,0.268328994512558,-0.018689999356865883,1,0.9955649971961975,-0.08408292382955551,0.042197152972221375,0,0.0784699097275734,0.9896020293235779,0.1205419972538948,0,-0.05189414322376251,-0.11669599264860153,0.9918109774589539,0,0,0.31380900740623474,0,1,0.9954820275306702,-0.0843639224767685,0.0435621552169323,0,0.07862590998411179,0.9896720051765442,0.11986000090837479,0,-0.053224146366119385,-0.11589299142360687,0.9918349981307983,0,0,0.3586390018463135,0,1,0.9975709915161133,0.06502410769462585,-0.024968896061182022,0,-0.06196511536836624,0.9921969771385193,0.10818898677825928,0,0.03180890530347824,-0.10637899488210678,0.9938169717788696,0,0,0.4034680128097534,0,1,0.9727609753608704,-0.058422934263944626,-0.22432592511177063,0,0.055579956620931625,0.998274028301239,-0.01897389627993107,0,0.22504793107509613,0.005988911259919405,0.9743289947509766,0,0,0.09983199834823608,0.028161000460386276,1,0.19172972440719604,0.05255895480513573,-0.9800390601158142,0,0.9481950402259827,-0.26764795184135437,0.17114576697349548,0,-0.253309965133667,-0.962082028388977,-0.10115188360214233,0,0.1507209986448288,0.3509080111980438,-0.0033009999897331,1,0.6866467595100403,0.7169922590255737,0.12015494704246521,0,-0.6387800574302673,0.5161237120628357,0.5705921053886414,0,0.3470953106880188,-0.4685489535331726,0.8123958706855774,0,0,0.32168400287628174,0,1,0.5614799857139587,0.14394402503967285,-0.814873993396759,0,-0.23284906148910522,0.9724469780921936,0.011336002498865128,0,0.7940539717674255,0.18337804079055786,0.5795270204544067,0,0,0.5558720231056213,0,1,-0.2327423393726349,-0.5846272110939026,0.7772017121315002,0,-0.8107622265815735,0.5579937696456909,0.1769416183233261,0,-0.5371184349060059,-0.5889430046081543,-0.6038624048233032,0,0,0.7489020228385925,0,1,0.9372159838676453,0.29062798619270325,-0.1927739977836609,0,-0.22396400570869446,0.9252780079841614,0.30610400438308716,0,0.2673319876194,-0.24371099472045898,0.9322760105133057,0,-0.04298200085759163,0.026657000184059143,0.007007000036537647,1,0.9995840191841125,-0.027952000498771667,-0.007122000213712454,0,0.028762999922037125,0.984470009803772,0.17317800223827362,0,0.002171000000089407,-0.1733109951019287,0.9848650097846985,0,-0.01272599957883358,0.03881499916315079,0,1,0.9761660099029541,0.21650899946689606,0.014933999627828598,0,-0.21685299277305603,0.9758129715919495,0.027620000764727592,0,-0.008592999540269375,-0.03020000085234642,0.9995070099830627,0,-0.003298999974504113,0.06045899912714958,0,1,0.9898210167884827,0.14231599867343903,0.0002969999914057553,0,-0.1423110067844391,0.9897990226745605,-0.00674000009894371,0,-0.0012529999949038029,0.006628999952226877,0.9999769926071167,0,-0.06303700059652328,0.18167099356651306,0.0008590000215917826,1,0.9998949766159058,-0.014431999996304512,-0.0012400000123307109,0,0.014431999996304512,0.9998959898948669,0,0,0.0012400000123307109,-0.000018999999156221747,0.9999989867210388,0,0.0006520000169984996,0.04845299944281578,0,1,0.9998490214347839,-0.017287999391555786,0.0018820000113919377,0,0.017287999391555786,0.9998509883880615,0.00003199999991920777,0,-0.001883000019006431,0,0.9999979734420776,0,-0.00002300000051036477,0.0435900017619133,0,1,0.9906690120697021,0.1362909972667694,-0.0003600000054575503,0,-0.13628999888896942,0.9906439781188965,-0.007011000066995621,0,-0.0005990000208839774,0.006994999945163727,0.9999750256538391,0,-0.02418299950659275,0.186367005109787,-0.0022879999596625566,1,0.9999799728393555,-0.006260999944061041,-0.0005440000095404685,0,0.006260999944061041,0.9999799728393555,0.0002800000074785203,0,0.0005419999943114817,-0.00028300000121816993,1,0,0.0004490000137593597,0.04813800007104874,0,1,0.9998940229415894,-0.014560000039637089,0.0009670000290498137,0,0.014560000039637089,0.9998940229415894,0.000012000010428891983,0,-0.0009670000290498137,0.000001999989990508766,1,0,0.00006199999916134402,0.04778999835252762,0,1,0.9910299777984619,0.13363899290561676,0.00023400000645779073,0,-0.13363400101661682,0.9910079836845398,-0.006736000068485737,0,-0.0011320000048726797,0.006643999833613634,0.9999769926071167,0,0.02308100089430809,0.17782899737358093,-0.0015879999846220016,1,0.9999539852142334,-0.009569000452756882,-0.00010500000644242391,0,0.009569000452756882,0.9999539852142334,0,0,0.00010500000644242391,0,1,0,0.00025400001322850585,0.052942998707294464,0,1,0.9999989867210388,0.0015399999683722854,-0.00011200000153621659,0,-0.0015399999683722854,0.9999989867210388,0,0,0.00011200000153621659,0,1,0,-0.00019799999427050352,0.05130099877715111,0,1,0.9979439973831177,0.06404100358486176,0.0025140000507235527,0,-0.0639910027384758,0.9978129863739014,-0.016587000340223312,0,-0.003570999950170517,0.016392000019550323,0.9998589754104614,0,0.0641390010714531,0.15502600371837616,-0.0009800000116229057,1,0.9979329705238342,0.0642549991607666,-0.000009000000318337698,0,-0.06425199657678604,0.9978839755058289,0.009979999624192715,0,0.0006500000017695129,-0.009959000162780285,0.9999499917030334,0,0.0004299999854993075,0.06326399743556976,0,1,0.9999669790267944,-0.008129999972879887,0.0006750000175088644,0,0.008129999972879887,0.9999669790267944,0.000004999999873689376,0,-0.0006750000175088644,0,1,0,0.00001700000029813964,0.05552399903535843,0,1,-0.18123206496238708,0.05307605117559433,0.9820070266723633,0,-0.9597619771957397,-0.22734299302101135,-0.16483904421329498,0,0.2145029902458191,-0.972366988658905,0.09214206039905548,0,-0.1507209986448288,0.350957989692688,-0.004017999861389399,1,0.04872831702232361,-0.9582948684692383,-0.28159433603286743,0,0.9693340063095093,0.11336036026477814,-0.21803885698318481,0,0.2408679872751236,-0.2623342275619507,0.9344319701194763,0,0,0.32168400287628174,0,1,0.037789203226566315,-0.5853289365768433,0.8099150061607361,0,0.9863719344139099,0.15172934532165527,0.06363299489021301,0,-0.16013428568840027,0.79647296667099,0.5830850005149841,0,0,0.556318998336792,0,1,0.3963559567928314,0.031449656933546066,-0.9175580143928528,0,-0.07117773592472076,0.9974579811096191,0.003441743552684784,0,0.9153340458869934,0.06394486874341965,0.3975869417190552,0,0,0.7471219897270203,0,1,0.931439995765686,-0.308771014213562,0.192563995718956,0,0.2444249987602234,0.9228910207748413,0.2975369989871979,0,-0.2695859968662262,-0.23006999492645264,0.9350889921188354,0,0.044082000851631165,0.02597999945282936,0.00945299956947565,1,0.995764970779419,0.017967000603675842,0.09015899896621704,0,-0.05956500023603439,0.8731110095977783,0.4838680028915405,0,-0.0700249969959259,-0.48719000816345215,0.8704839944839478,0,0.01158399973064661,0.03998300060629845,0,1,0.995061993598938,0.0992560014128685,-0.0007880000048317015,0,-0.09721200168132782,0.9761170148849487,0.19428099691867828,0,0.020052999258041382,-0.19324499368667603,0.9809460043907166,0,-0.004923999775201082,0.05985800176858902,0,1,0.9936000108718872,-0.11295399814844131,0.00010500000644242391,0,0.11294999718666077,0.9935590028762817,-0.009108000434935093,0,0.0009239999926649034,0.00906199961900711,0.9999589920043945,0,0.06706500053405762,0.18151600658893585,0.000015999999959603883,1,0.9999979734420776,0.002065999899059534,0.00015100000018719584,0,-0.002065999899059534,0.9999979734420776,0,0,-0.00015100000018719584,0,1,0,-0.00009899999713525176,0.0483970008790493,0,1,0.9999960064888,0.0027550000231713057,-0.0001230000052601099,0,-0.0027550000231713057,0.9999960064888,0,0,0.0001230000052601099,0,1,0,0.00002300000051036477,0.044769998639822006,0,1,0.9938309788703918,-0.11090700328350067,-0.0005080000264570117,0,0.11089800298213959,0.9937899708747864,-0.009107000194489956,0,0.0015150000108405948,0.008994000032544136,0.9999579787254333,0,0.020669000223279,0.18546700477600098,-0.0016629999736323953,1,0.9999979734420776,0.0021550001110881567,-0.00010099999781232327,0,-0.0021550001110881567,0.9999979734420776,0,0,0.00010099999781232327,0,1,0,-0.000015999999959603883,0.05055899918079376,0,1,0.9999880194664001,-0.004865000024437904,-0.000037000001611886546,0,0.004865000024437904,0.9999880194664001,0,0,0.000037000001611886546,0,1,0,0.00007000000186963007,0.04644500091671944,0,1,0.9936169981956482,-0.11280500143766403,0.0000470000013592653,0,0.11280100047588348,0.9935759902000427,-0.009108000434935093,0,0.0009800000116229057,0.0090549997985363,0.9999589920043945,0,-0.019067000597715378,0.17634999752044678,-0.00033000000985339284,1,0.9999979734420776,0.0019160000374540687,0.00013899999612476677,0,-0.0019160000374540687,0.9999979734420776,0.000002000009999392205,0,-0.00013899999612476677,-0.000003000000106112566,1,0,-0.00009300000237999484,0.052212998270988464,0,1,0.9999979734420776,0.002179000061005354,-0.00007699999696342275,0,-0.002179000061005354,0.9999979734420776,0,0,0.00007699999696342275,0,1,0,0.00002300000051036477,0.05178099870681763,0,1,0.9936659932136536,-0.11236199736595154,-0.0016299999551847577,0,0.11234299838542938,0.9936280250549316,-0.009109999984502792,0,0.002643000101670623,0.008868999779224396,0.9999570250511169,0,-0.0686660036444664,0.15241099894046783,-0.0018240000354126096,1,0.9999989867210388,0.0014560000272467732,0.000025999999706982635,0,-0.0014560000272467732,0.9999989867210388,0.000003999989985459251,0,-0.000025999999706982635,-0.000003999989985459251,1,0,-0.00009600000339560211,0.06865199655294418,0,1,0.9999979734420776,0.0021510000806301832,-0.00031900001340545714,0,-0.0021510000806301832,0.9999979734420776,0,0,0.00031900001340545714,0,1,0,-0.000048000001697801054,0.054106999188661575,0,1,-0.5961129069328308,-0.4474862515926361,0.6666369438171387,0,0.7948111295700073,-0.44644901156425476,0.4110448360443115,0,0.11368297785520554,0.7748798727989197,0.6218021512031555,0,0.23016299307346344,-0.14885400235652924,-0.03262300044298172,1,0.9810540080070496,-0.19343794882297516,-0.010726958513259888,0,0.050966985523700714,0.3111158013343811,-0.949004054069519,0,0.1869109570980072,0.930478036403656,0.31508079171180725,0,0,1.2287869453430176,0,1,0.9447979927062988,-0.32765400409698486,0.00047716591507196426,0,0.06668676435947418,0.1937188059091568,0.9787880778312683,0,-0.32079705595970154,-0.9247250556945801,0.20487573742866516,0,0,1.0921239852905273,0,1,0.996641993522644,-0.0000680221855873242,-0.08188095688819885,0,0.03450699895620346,0.9072089791297913,0.4192630350589752,0,0.07425394654273987,-0.42068102955818176,0.9041650295257568,0,0,0.3138349950313568,0,1,-0.6572142243385315,0.5373668670654297,-0.5284958481788635,0,-0.7452428340911865,-0.35853713750839233,0.5621961951255798,0,0.11262001097202301,0.7633399963378906,0.6361039876937866,0,-0.23016299307346344,-0.14885400235652924,-0.033107999712228775,1,0.9804319739341736,0.19655698537826538,-0.010913957841694355,0,-0.0484590157866478,0.18723329901695251,-0.9811199307441711,0,-0.19080297648906708,0.9624489545822144,0.19309429824352264,0,0,1.2288390398025513,0,1,0.9192379713058472,0.36442798376083374,0.14897306263446808,0,-0.16535016894340515,0.013962261378765106,0.9861359596252441,0,0.3572949171066284,-0.9311270117759705,0.07309228926897049,0,0,1.092283010482788,0,1,0.9973850250244141,0.000021999860109644942,0.07227499783039093,0,-0.029191000387072563,0.9149330258369446,0.4025479853153229,0,-0.06611800193786621,-0.40360501408576965,0.9125409722328186,0,0,0.32063600420951843,0,1
