1.267,30,38,65
B0,mixamorig_Hips,-1,0.7583637237548828,-0.023304548114538193,0.6513732671737671,0,-0.27641239762306213,0.893519401550293,0.3537765443325043,0,-0.5902718305587769,-0.4483705163002014,0.6712177991867065,0,0.008104466833174229,2.084050416946411,0.38112184405326843,1
B1,mixamorig_Spine,0,0.9866573214530945,-0.1408461183309555,-0.08163053542375565,0,0.15962320566177368,0.9355032444000244,0.3150709569454193,0,0.03200775012373924,-0.3238983154296875,0.9455065131187439,0,0,0.268328994512558,-0.018689999356865883,1
B2,mixamorig_Spine1,1,0.998992919921875,0.01163755264133215,0.043166618794202805,0,-0.011738932691514492,0.9999217391014099,0.0020989691838622093,0,-0.04313923045992851,-0.0026030640583485365,0.9990658164024353,0,0,0.31380900740623474,0,1
B3,mixamorig_Spine2,2,0.9986642003059387,0.018252477049827576,0.04817849025130272,0,-0.01840239018201828,0.9998204708099365,0.0026815664023160934,0,-0.04812066629528999,-0.003560360288247466,0.9988338947296143,0,0,0.3586390018463135,0,1
B4,mixamorig_Neck,3,0.943824827671051,-0.06092138588428497,-0.32473838329315186,0,0.006326065864413977,0.9859942197799683,-0.16658946871757507,0,0.33034616708755493,0.15516997873783112,0.9310144186019897,0,0,0.4034680128097534,0,1
B5,mixamorig_Head,4,0.8848496675491333,-0.1773124784231186,-0.43080347776412964,0,0.02084653452038765,0.9388646483421326,-0.34363287687301636,0,0.4653955399990082,0.29508182406425476,0.8344516158103943,0,0,0.09983199834823608,0.028161000460386276,1
B6,mixamorig_HeadTop_End,5,1,0,0,0,0,1,0,0,0,0,1,0,0,0.7941700220108032,0.22402000427246094,1
B7,mixamorig_LeftShoulder,3,0.37331974506378174,0.19808904826641083,-0.9062878489494324,0,0.8980790972709656,0.16765530407428741,0.40659451484680176,0,0.23250152170658112,-0.965725839138031,-0.11529505252838135,0,0.1507209986448288,0.3509080111980438,-0.0033009999897331,1
B8,mixamorig_LeftArm,7,0.814713180065155,0.07153454422950745,0.5752480030059814,0,-0.10409829020500183,0.9942373037338257,0.02384297177195549,0,-0.5702801942825317,-0.0794190913438797,0.8175172209739685,0,0,0.32168400287628174,0,1
B9,mixamorig_LeftForeArm,8,0.5832117199897766,0.5589950680732727,-0.5893908739089966,0,-0.8109422922134399,0.44277629256248474,-0.382501482963562,0,0.04714919999241829,0.7010411620140076,0.711554229259491,0,0,0.5558720231056213,0,1
B10,mixamorig_LeftHand,9,0.5310355424880981,-0.18741475045681,0.8263481855392456,0,0.2066023051738739,0.9744356274604797,0.08823845535516739,0,-0.821760356426239,0.12387645244598389,0.5561842918395996,0,0,0.7489020228385925,0,1
B11,mixamorig_LeftHandThumb1,10,0.8654685616493225,0.4740259051322937,-0.16204743087291718,0,-0.4273400604724884,0.8673920631408691,0.254965603351593,0,0.26141923666000366,-0.1514156013727188,0.9532744884490967,0,-0.04298200085759163,0.026657000184059143,0.007007000036537647,1
B12,mixamorig_LeftHandThumb2,11,0.9547752737998962,-0.012284300290048122,0.2970682680606842,0,-0.02154139243066311,0.9936608076095581,0.11032756417989731,0,-0.2965405583381653,-0.11173587292432785,0.9484595656394958,0,-0.01272599957883358,0.03881499916315079,0,1
B13,mixamorig_LeftHandThumb3,12,0.9634033441543579,0.2440778911113739,0.11081218719482422,0,-0.23581014573574066,0.9682760238647461,-0.08257725089788437,0,-0.12745042145252228,0.05342560261487961,0.9903963208198547,0,-0.003298999974504113,0.06045899912714958,0,1
B14,mixamorig_LeftHandThumb4,13,1,0,0,0,0,1,0,0,0,0,1,0,0.01602499932050705,0.058823999017477036,0,1
B15,mixamorig_LeftHandIndex1,10,0.9580389261245728,0.15652680397033691,-0.24010945856571198,0,-0.21791094541549683,0.941883385181427,-0.255525141954422,0,0.1861432045698166,0.29712027311325073,0.9364789724349976,0,-0.06303700059652328,0.18167099356651306,0.0008590000215917826,1
B16,mixamorig_LeftHandIndex2,15,0.9996749758720398,-0.025501806288957596,0.0002902388805523515,0,0.022438284009695053,0.8848780989646912,0.4652816355228424,0,-0.012122425250709057,-0.465124249458313,0.8851621150970459,0,0.0006520000169984996,0.04845299944281578,0,1
B17,mixamorig_LeftHandIndex3,16,0.999389111995697,-0.03220114856958389,-0.013554302975535393,0,0.03346329554915428,0.7706952095031738,0.6362811923027039,0,-0.010043497197329998,-0.6363461017608643,0.7713027596473694,0,-0.00002300000051036477,0.0435900017619133,0,1
B18,mixamorig_LeftHandIndex4,17,1,0,0,0,0,1,0,0,0,0,1,0,-0.0006290000164881349,0.03467100113630295,0,1
B19,mixamorig_LeftHandMiddle1,10,0.9785615801811218,0.1324867457151413,-0.157673642039299,0,-0.13537105917930603,0.990763247013092,-0.0076418714597821236,0,0.15520763397216797,0.02882201597094536,0.9874601364135742,0,-0.02418299950659275,0.186367005109787,-0.0022879999596625566,1
B20,mixamorig_LeftHandMiddle2,19,0.9996462464332581,-0.023348847404122353,-0.01259878370910883,0,0.02643263153731823,0.8356528878211975,0.5485946536064148,0,-0.0022724699229002,-0.5487356185913086,0.8359770774841309,0,0.0004490000137593597,0.04813800007104874,0,1
B21,mixamorig_LeftHandMiddle3,20,0.9972515106201172,0.041643574833869934,-0.0612209215760231,0,0.018673475831747055,0.6587405204772949,0.7521038055419922,0,0.0716637596487999,-0.7511805295944214,0.6561571955680847,0,0.00006199999916134402,0.04778999835252762,0,1
B22,mixamorig_LeftHandMiddle4,21,1,0,0,0,0,1,0,0,0,0,1,0,-0.0005099999834783375,0.04010099917650223,0,1
B23,mixamorig_LeftHandRing1,10,0.9918981194496155,0.06789129227399826,-0.10737545043230057,0,-0.04187152534723282,0.972706139087677,0.22822584211826324,0,0.11993855237960815,-0.2218806892633438,0.9676678776741028,0,0.02308100089430809,0.17782899737358093,-0.0015879999846220016,1
B24,mixamorig_LeftHandRing2,23,0.9993254542350769,-0.0343109630048275,-0.013039939105510712,0,0.036447133868932724,0.8855647444725037,0.4630259871482849,0,-0.00433145510032773,-0.4631893038749695,0.8862195611000061,0,0.00025400001322850585,0.052942998707294464,0,1
B25,mixamorig_LeftHandRing3,24,0.9997183084487915,-0.020766204223036766,-0.011494824662804604,0,0.0233936570584774,0.780185341835022,0.6250174045562744,0,-0.00401335721835494,-0.625110387802124,0.7804513573646545,0,-0.00019799999427050352,0.05130099877715111,0,1
B26,mixamorig_LeftHandRing4,25,1,0,0,0,0,1,0,0,0,0,1,0,-0.000056000000768108293,0.0424249991774559,0,1
B27,mixamorig_LeftHandPinky1,10,0.996170699596405,-0.018168525770306587,0.08550316840410233,0,-0.006175841670483351,0.9610887765884399,0.2761681079864502,0,-0.08719296008348465,-0.27563968300819397,0.9572972655296326,0,0.0641390010714531,0.15502600371837616,-0.0009800000116229057,1
B28,mixamorig_LeftHandPinky2,27,0.9996108412742615,-0.016344619914889336,-0.022582130506634712,0,0.027797887101769447,0.6438494324684143,0.7646399140357971,0,0.002039707964286208,-0.764969527721405,0.64405357837677,0,0.0004299999854993075,0.06326399743556976,0,1
B29,mixamorig_LeftHandPinky3,28,0.9994939565658569,-0.01506030187010765,-0.027989529073238373,0,0.030880585312843323,0.668186604976654,0.7433408498764038,0,0.007504452019929886,-0.7438287734985352,0.6683146357536316,0,0.00001700000029813964,0.05552399903535843,0,1
B30,mixamorig_LeftHandPinky4,29,1,0,0,0,0,1,0,0,0,0,1,0,-0.000446999998530373,0.04917600005865097,0,1
B31,mixamorig_RightShoulder,3,0.06344223767518997,-0.19375884532928467,0.9789928793907166,0,-0.9894468188285828,-0.1402510553598404,0.036363378167152405,0,0.1302575320005417,-0.9709703326225281,-0.200611412525177,0,-0.1507209986448288,0.350957989692688,-0.004017999861389399,1
B32,mixamorig_RightArm,31,-0.18697477877140045,0.7689866423606873,-0.6112764477729797,0,-0.23360320925712585,0.5696104764938354,0.7880185842514038,0,0.9541657567024231,0.29013562202453613,0.07313401997089386,0,0,0.32168400287628174,0,1
B33,mixamorig_RightForeArm,32,-0.6744962334632874,-0.7358084917068481,0.05863428860902786,0,0.7347802519798279,-0.6617497205734253,0.14879466593265533,0,-0.07073019444942474,0.14351405203342438,0.9870283603668213,0,0,0.556318998336792,0,1
B34,mixamorig_RightHand,33,0.5789480209350586,-0.21169039607048035,-0.7873144745826721,0,0.06379978358745575,0.9744586944580078,-0.214964359998703,0,0.8127827048301697,0.07414685934782028,0.5776523947715759,0,0,0.7471219897270203,0,1
B35,mixamorig_RightHandThumb1,34,0.8460463285446167,-0.49067598581314087,0.20843064785003662,0,0.4508763253688812,0.8672019243240356,0.2113541215658188,0,-0.2844574749469757,-0.08483878523111343,0.9549269080162048,0,0.044082000851631165,0.02597999945282936,0.00945299956947565,1
B36,mixamorig_RightHandThumb2,35,0.9788300395011902,-0.11892814934253693,-0.1665598303079605,0,0.13240490853786469,0.9885508418083191,0.07224438339471817,0,0.15605385601520538,-0.0927690714597702,0.9833765029907227,0,0.01158399973064661,0.03998300060629845,0,1
B37,mixamorig_RightHandThumb3,36,0.9948239922523499,-0.07907518744468689,-0.06377847492694855,0,0.06474035978317261,0.9772713780403137,-0.20184220373630524,0,0.07828615605831146,0.19666844606399536,0.9773373007774353,0,-0.004923999775201082,0.05985800176858902,0,1
B38,mixamorig_RightHandThumb4,37,1,0,0,0,0,1,0,0,0,0,1,0,-0.006659999955445528,0.05996600165963173,0,1
B39,mixamorig_RightHandIndex1,34,0.8594366312026978,-0.24729396402835846,0.44745105504989624,0,0.35863423347473145,0.9153546690940857,-0.18295970559120178,0,-0.3643374741077423,0.31771665811538696,0.8753759860992432,0,0.06706500053405762,0.18151600658893585,0.000015999999959603883,1
B40,mixamorig_RightHandIndex2,39,0.9999330043792725,0.011487752199172974,-0.0013015751028433442,0,-0.010448708198964596,0.9461630582809448,0.32351991534233093,0,0.0049482304602861404,-0.32348453998565674,0.9462200403213501,0,-0.00009899999713525176,0.0483970008790493,0,1
B41,mixamorig_RightHandIndex3,40,0.9999110102653503,0.013293858617544174,0.001190991373732686,0,-0.012363097630441189,0.8888822793960571,0.4579675793647766,0,0.005029425024986267,-0.45794159173965454,0.8889676332473755,0,0.00002300000051036477,0.044769998639822006,0,1
B42,mixamorig_RightHandIndex4,41,1,0,0,0,0,1,0,0,0,0,1,0,0.00007599999662488699,0.03627999871969223,0,1
B43,mixamorig_RightHandMiddle1,34,0.9865652918815613,-0.15529370307922363,0.05070742964744568,0,0.15807107090950012,0.9858207702636719,-0.05628659948706627,0,-0.041247524321079254,0.06354571133852005,0.9971243143081665,0,0.020669000223279,0.18546700477600098,-0.0016629999736323953,1
B44,mixamorig_RightHandMiddle2,43,0.9975588321685791,0.015483417548239231,0.06807335466146469,0,-0.032838232815265656,0.9645119905471802,0.26193180680274963,0,-0.06159687042236328,-0.26352638006210327,0.9626675844192505,0,-0.000015999999959603883,0.05055899918079376,0,1
B45,mixamorig_RightHandMiddle3,44,0.9996630549430847,-0.0010799769079312682,0.025921393185853958,0,-0.015822403132915497,0.7664598226547241,0.642092764377594,0,-0.02056330442428589,-0.6422866582870483,0.7661848068237305,0,0.00007000000186963007,0.04644500091671944,0,1
B46,mixamorig_RightHandMiddle4,45,1,0,0,0,0,1,0,0,0,0,1,0,-0.000052999999752501026,0.0369269996881485,0,1
B47,mixamorig_RightHandRing1,34,0.9958217144012451,0.010166671127080917,-0.09073115140199661,0,-0.010161875747144222,0.9999446868896484,0.00047893699957057834,0,0.09072774648666382,0.000443056138465181,0.9958720803260803,0,-0.019067000597715378,0.17634999752044678,-0.00033000000985339284,1
B48,mixamorig_RightHandRing2,47,0.996833860874176,0.007971157319843769,-0.07910611480474472,0,0.02982487343251705,0.8848167061805725,0.46498239040374756,0,0.07370082288980484,-0.4658697247505188,0.8817787170410156,0,-0.00009300000237999484,0.052212998270988464,0,1
B49,mixamorig_RightHandRing3,48,0.9996044635772705,0.003297537798061967,-0.027937091886997223,0,0.0072650485672056675,0.9291578531265259,0.3695997893810272,0,0.027175894007086754,-0.36965689063072205,0.9287660717964172,0,0.00002300000051036477,0.05178099870681763,0,1
B50,mixamorig_RightHandRing4,49,1,0,0,0,0,1,0,0,0,0,1,0,0.00007000000186963007,0.04593599960207939,0,1
B51,mixamorig_RightHandPinky1,34,0.9298753142356873,0.2781744599342346,-0.24072523415088654,0,-0.2383558601140976,0.9540244340896606,0.18170981109142303,0,0.2802031636238098,-0.11159073561429977,0.9534301161766052,0,-0.0686660036444664,0.15241099894046783,-0.0018240000354126096,1
B52,mixamorig_RightHandPinky2,51,0.9983790516853333,-0.04759502783417702,0.031191281974315643,0,0.024686386808753014,0.856126070022583,0.5161761045455933,0,-0.051271259784698486,-0.5145691633224487,0.8559135794639587,0,-0.00009600000339560211,0.06865199655294418,0,1
B53,mixamorig_RightHandPinky3,52,0.9998593926429749,-0.0025600420776754618,0.016265755519270897,0,-0.010316595435142517,0.6736826300621033,0.7389184832572937,0,-0.01285168994218111,-0.7389818429946899,0.6735626459121704,0,-0.000048000001697801054,0.054106999188661575,0,1
B54,mixamorig_RightHandPinky4,53,1,0,0,0,0,1,0,0,0,0,1,0,0.00014400000509340316,0.04647200182080269,0,1
B55,mixamorig_LeftUpLeg,0,-0.9937990307807922,-0.10637576878070831,0.020397214218974113,0,0.04794846847653389,-0.261309951543808,0.9635936617851257,0,-0.09676896035671234,0.9590873718261719,0.2651470899581909,0,0.23016299307346344,-0.14885400235652924,-0.03262300044298172,1
B56,mixamorig_LeftLeg,55,0.9601290225982666,0.06325220316648483,0.27195805311203003,0,0.24584795534610748,0.2694498896598816,-0.9310629963874817,0,-0.13217216730117798,0.9608015418052673,0.24315369129180908,0,0,1.2287869453430176,0,1
B57,mixamorig_LeftFoot,56,0.9955403208732605,0.013253185898065567,0.09194841235876083,0,-0.09173032641410828,-0.030372245237231255,0.9951234459877014,0,0.015800992026925087,-0.999224841594696,-0.02891012653708458,0,0,1.0921239852905273,0,1
B58,mixamorig_LeftToeBase,57,0.9979280233383179,0.008578380569815636,-0.0637696236371994,0,0.019007239490747452,0.9075459837913513,0.4195219874382019,0,0.061473000794649124,-0.4198650121688843,0.9055020213127136,0,0,0.3138349950313568,0,1
B59,mixamorig_LeftToe_End,58,1,0,0,0,0,1,0,0,0,0,1,0,0,0.12210000306367874,0,1
B60,mixamorig_RightUpLeg,0,-0.9956902265548706,-0.05187966302037239,0.051599808037281036,0,0.07366258651018143,-0.5197075009346008,0.8489211797714233,0,-0.015498601831495762,0.8491784334182739,0.5229410529136658,0,-0.23016299307346344,-0.14885400235652924,-0.033107999712228775,1
B61,mixamorig_RightLeg,60,0.9953542351722717,-0.03061957098543644,-0.0873003602027893,0,-0.09208820760250092,-0.22693917155265808,-0.969518780708313,0,0.009908735752105713,0.9731345176696777,-0.2285505086183548,0,0,1.2288390398025513,0,1
B62,mixamorig_RightFoot,61,0.9376391172409058,0.34391772747039795,-0.05046943947672844,0,0.05302710458636284,0.0019377493299543858,0.9985800981521606,0,0.34352371096611023,-0.9389853477478027,-0.016418686136603355,0,0,1.092283010482788,0,1
B63,mixamorig_RightToeBase,62,0.9764236211776733,-0.12059498578310013,0.16879555583000183,0,0.011142841540277004,0.8461129069328308,0.5324226021766663,0,-0.20714005827903748,-0.5177280902862549,0.82767653465271,0,0,0.32063600420951843,0,1
B64,mixamorig_RightToe_End,63,1,0,0,0,0,1,0,0,0,0,1,0,0,0.12245699763298035,0,1
@52,0,1,2,3,4,5,7,8,9,10,11,12,13,15,16,17,19,20,21,23,24,25,27,28,29,31,32,33,34,35,36,37,39,40,41,43,44,45,47,48,49,51,52,53,55,56,57,58,60,61,62,63
K0.000,0.8282510042190552,-0.022607000544667244,0.5599009990692139,0,-0.19830599427223206,0.922698974609375,0.33060601353645325,0,-0.5240949988365173,-0.3848569989204407,0.7597429752349854,0,-0.010320999659597874,2.110887050628662,0.03334299847483635,1,0.9943529963493347,-0.09977000206708908,-0.036180999130010605,0,0.10544999688863754,0.8903740048408508,0.44284799695014954,0,-0.01196799986064434,-0.4441620111465454,0.8958659768104553,0,0,0.268328994512558,-0.018689999356865883,1,0.9956560134887695,0.02071000076830387,0.09077999740839005,0,-0.01764499954879284,0.9992510080337524,-0.0344339981675148,0,-0.09142500162124634,0.03268200159072876,0.9952759742736816,0,0,0.31380900740623474,0,1,0.9954699873924255,0.031977999955415726,0.08953999727964401,0,-0.02950200065970421,0.9991490244865417,-0.02884100005030632,0,-0.09038600325584412,0.026068000122904778,0.9955660104751587,0,0,0.3586390018463135,0,1,0.94309002161026,-0.04486899822950363,-0.3294979929924011,0,0.013035999611020088,0.9950820207595825,-0.09819400310516357,0,0.33228299021720886,0.08831100165843964,0.9390360116958618,0,0,0.4034680128097534,0,1,0.8731949925422668,-0.19438999891281128,-0.4469259977340698,0,0.033803001046180725,0.9389619827270508,-0.34235700964927673,0,0.48619699478149414,0.2838380038738251,0.826466977596283,0,0,0.09983199834823608,0.028161000460386276,1,0.3726330101490021,0.2009730041027069,-0.9059550166130066,0,0.8878139853477478,0.20690199732780457,0.41106998920440674,0,0.27005699276924133,-0.9574980139732361,-0.10132800042629242,0,0.1507209986448288,0.3509080111980438,-0.0033009999897331,1,0.8437860012054443,0.0708170011639595,0.5319870114326477,0,-0.0939669981598854,0.9954379796981812,0.016530999913811684,0,-0.5283889770507812,-0.06393799930810928,0.8465909957885742,0,0,0.32168400287628174,0,1,0.6821399927139282,0.47123199701309204,-0.5591300129890442,0,-0.705357015132904,0.6256260275840759,-0.33326199650764465,0,0.19276200234889984,0.6217169761657715,0.7591509819030762,0,0,0.5558720231056213,0,1,0.5562660098075867,-0.11995899677276611,0.8223000168800354,0,0.2203660011291504,0.9753940105438232,-0.006779999937862158,0,-0.8012530207633972,0.18497900664806366,0.5690129995346069,0,0,0.7489020228385925,0,1,0.8730159997940063,0.46005600690841675,-0.16183599829673767,0,-0.4145030081272125,0.8748030066490173,0.25081300735473633,0,0.25696200132369995,-0.15188199281692505,0.9544119834899902,0,-0.04298200085759163,0.026657000184059143,0.007007000036537647,1,0.987762987613678,-0.07410100102424622,0.13723799586296082,0,0.06285899877548218,0.9944369792938232,0.0845159962773323,0,-0.1427370011806488,-0.07485499978065491,0.9869260191917419,0,-0.01272599957883358,0.03881499916315079,0,1,0.9596350193023682,0.2808600068092346,-0.014781000092625618,0,-0.2811880111694336,0.9591950178146362,-0.029624000191688538,0,0.0058570001274347305,0.03258499875664711,0.9994519948959351,0,-0.003298999974504113,0.06045899912714958,0,1,0.9594699740409851,0.1632470041513443,-0.22971099615097046,0,-0.21008799970149994,0.9576399922370911,-0.19694900512695312,0,0.18782900273799896,0.2372259944677353,0.9531229734420776,0,-0.06303700059652328,0.18167099356651306,0.0008590000215917826,1,0.99965500831604,-0.026254000142216682,-0.00014000000373926014,0,0.02255300059914589,0.8559679985046387,0.5165370106697083,0,-0.01344200037419796,-0.5163620114326477,0.8562650084495544,0,0.0006520000169984996,0.04845299944281578,0,1,0.9994459748268127,-0.03180399909615517,-0.009774000383913517,0,0.03211300075054169,0.845209002494812,0.5334699749946594,0,-0.008705000393092632,-0.5334879755973816,0.8457630276679993,0,-0.00002300000051036477,0.0435900017619133,0,1,0.9800959825515747,0.12919899821281433,-0.15072700381278992,0,-0.13132600486278534,0.9913300275802612,-0.00419999985024333,0,0.14887699484825134,0.023910999298095703,0.9885669946670532,0,-0.02418299950659275,0.186367005109787,-0.0022879999596625566,1,0.9996899962425232,-0.024359000846743584,-0.0052269999869167805,0,0.02372400090098381,0.8666899800300598,0.49828198552131653,0,-0.007608000189065933,-0.4982509911060333,0.8669989705085754,0,0.0004490000137593597,0.04813800007104874,0,1,0.999517023563385,-0.024274000898003578,-0.01938600093126297,0,0.030910000205039978,0.7147089838981628,0.6987389922142029,0,-0.0031059999018907547,-0.6990010142326355,0.7151139974594116,0,0.00006199999916134402,0.04778999835252762,0,1,0.9918630123138428,0.06671400368213654,-0.10842599719762802,0,-0.038527000695466995,0.9690560102462769,0.24381600320339203,0,0.12133699655532837,-0.23765499889850616,0.9637410044670105,0,0.02308100089430809,0.17782899737358093,-0.0015879999846220016,1,0.9997580051422119,-0.02142699994146824,-0.004976999945938587,0,0.021030999720096588,0.8647540211677551,0.5017549991607666,0,-0.006446999963372946,-0.5017380118370056,0.864995002746582,0,0.00025400001322850585,0.052942998707294464,0,1,0.9996979832649231,-0.02126000076532364,-0.012312999926507473,0,0.024027999490499496,0.7414649724960327,0.6705620288848877,0,-0.005127000156790018,-0.6706550121307373,0.741752028465271,0,-0.00019799999427050352,0.05130099877715111,0,1,0.9948359727859497,-0.006417999975383282,0.10129199922084808,0,-0.017142999917268753,0.9730349779129028,0.2300180047750473,0,-0.10003700107336044,-0.23056599497795105,0.9679009914398193,0,0.0641390010714531,0.15502600371837616,-0.0009800000116229057,1,0.9997169971466064,-0.022016000002622604,-0.008957999758422375,0,0.02163900062441826,0.6871050000190735,0.7262359857559204,0,-0.009833999909460545,-0.7262250185012817,0.6873869895935059,0,0.0004299999854993075,0.06326399743556976,0,1,0.9996669888496399,-0.021275000646710396,-0.014588999561965466,0,0.025248000398278236,0.6908910274505615,0.7225180268287659,0,-0.005293000023812056,-0.7226459980010986,0.6911979913711548,0,0.00001700000029813964,0.05552399903535843,0,1,0.06622599810361862,-0.1542620062828064,0.9858080148696899,0,-0.9830480217933655,-0.17937299609184265,0.03797199949622154,0,0.17096899449825287,-0.9716110229492188,-0.1635259985923767,0,-0.1507209986448288,0.350957989692688,-0.004017999861389399,1,-0.06558799743652344,0.5644009709358215,-0.8228909969329834,0,-0.2828640043735504,0.7803220152854919,0.5577499866485596,0,0.956915020942688,0.26934799551963806,0.10846900194883347,0,0,0.32168400287628174,0,1,-0.6293100118637085,-0.7656170129776001,0.13341499865055084,0,0.7732620239257812,-0.5997040271759033,0.20596399903297424,0,-0.07767999917268753,0.23277999460697174,0.9694219827651978,0,0,0.556318998336792,0,1,0.5493130087852478,-0.15413400530815125,-0.8212779760360718,0,-0.18309900164604187,0.9367539882659912,-0.2982720136642456,0,0.815310001373291,0.31421899795532227,0.4863489866256714,0,0,0.7471219897270203,0,1,0.8440960049629211,-0.49848899245262146,0.1975100040435791,0,0.45712798833847046,0.8615520000457764,0.22081999480724335,0,-0.2802410125732422,-0.09610600024461746,0.9551060199737549,0,0.044082000851631165,0.02597999945282936,0.00945299956947565,1,0.9877390265464783,-0.08143199980258942,-0.1331920027732849,0,0.09194900095462799,0.9929500222206116,0.07480300217866898,0,0.12616199254989624,-0.08613300323486328,0.9882630109786987,0,0.01158399973064661,0.03998300060629845,0,1,0.9713429808616638,0.2375909984111786,0.0065819998271763325,0,-0.23629699647426605,0.9682989716529846,-0.08100000023841858,0,-0.025617999956011772,0.07712399959564209,0.9966920018196106,0,-0.004923999775201082,0.05985800176858902,0,1,0.8955259919166565,-0.30166101455688477,0.3271600008010864,0,0.37061500549316406,0.9125180244445801,-0.1730780005455017,0,-0.24632799625396729,0.27624601125717163,0.9289839863777161,0,0.06706500053405762,0.18151600658893585,0.000015999999959603883,1,0.99993497133255,0.011316999793052673,-0.0013680000556632876,0,-0.010338000021874905,0.9508299827575684,0.3095420002937317,0,0.0048039997927844524,-0.30950701236724854,0.950884997844696,0,-0.00009899999713525176,0.0483970008790493,0,1,0.9999300241470337,0.011864000000059605,0.00028199999360367656,0,-0.011012000031769276,0.9187059998512268,0.3947890102863312,0,0.004424999933689833,-0.3947649896144867,0.9187719821929932,0,0.00002300000051036477,0.044769998639822006,0,1,0.986499011516571,-0.14340800046920776,0.07908400148153305,0,0.15089799463748932,0.9836130142211914,-0.09866999834775925,0,-0.06363800168037415,0.10927099734544754,0.9919729828834534,0,0.020669000223279,0.18546700477600098,-0.0016629999736323953,1,0.9998469948768616,0.015436000190675259,0.008270000107586384,0,-0.017506999894976616,0.8918129801750183,0.45206499099731445,0,-0.0003980000037699938,-0.4521409869194031,0.8919469714164734,0,-0.000015999999959603883,0.05055899918079376,0,1,0.9998769760131836,-0.0041669998317956924,0.015107999555766582,0,-0.006281000096350908,0.7766630053520203,0.6298850178718567,0,-0.014359000138938427,-0.6299020051956177,0.7765420079231262,0,0.00007000000186963007,0.04644500091671944,0,1,0.9897390007972717,0.07755199819803238,-0.12000799924135208,0,-0.06646200269460678,0.993369996547699,0.09380199760198593,0,0.12648700177669525,-0.08486299961805344,0.9883319735527039,0,-0.019067000597715378,0.17634999752044678,-0.00033000000985339284,1,0.9999589920043945,0.008458999916911125,0.003249000059440732,0,-0.00902399979531765,0.8975610136985779,0.44079700112342834,0,0.000813000020571053,-0.4408079981803894,0.8976010084152222,0,-0.00009300000237999484,0.052212998270988464,0,1,0.9998080134391785,0.016328999772667885,0.010857000015676022,0,-0.0196090005338192,0.836080014705658,0.5482580065727234,0,-0.00012399999832268804,-0.5483649969100952,0.8362389802932739,0,0.00002300000051036477,0.05178099870681763,0,1,0.9156929850578308,0.24473600089550018,-0.31876400113105774,0,-0.1901399940252304,0.9626259803771973,0.19286899268627167,0,0.35405299067497253,-0.1159989982843399,0.9280040264129639,0,-0.0686660036444664,0.15241099894046783,-0.0018240000354126096,1,0.9999200105667114,0.010804999619722366,0.0065460000187158585,0,-0.012571999803185463,0.8002470135688782,0.5995389819145203,0,0.0012390000047162175,-0.599573016166687,0.8003190159797668,0,-0.00009600000339560211,0.06865199655294418,0,1,0.9999669790267944,0.004124999977648258,0.006982999853789806,0,-0.007468000054359436,0.804157018661499,0.5943700075149536,0,-0.003163000103086233,-0.5944030284881592,0.804161012172699,0,-0.000048000001697801054,0.054106999188661575,0,1,-0.8931660056114197,-0.11059899628162384,0.4359149932861328,0,0.4473179876804352,-0.11829400062561035,0.8865169882774353,0,-0.04648200049996376,0.9868000149726868,0.15512900054454803,0,0.23016299307346344,-0.14885400235652924,-0.03262300044298172,1,0.974515974521637,0.042417000979185104,0.2202730029821396,0,0.2241709977388382,-0.14836600422859192,-0.9631900191307068,0,-0.008174999617040157,0.9880220293998718,-0.15409399569034576,0,0,1.2287869453430176,0,1,0.9990820288658142,0.03001599945127964,-0.030578000470995903,0,0.017583999782800674,0.36356601119041443,0.9314020276069641,0,0.03907399997115135,-0.9310849905014038,0.3627049922943115,0,0,1.0921239852905273,0,1,0.9974179863929749,0.012089000083506107,-0.0707859992980957,0,0.018408000469207764,0.909745991230011,0.41475701332092285,0,0.06941100209951401,-0.41498899459838867,0.9071750044822693,0,0,0.3138349950313568,0,1,-0.9806299805641174,0.020222000777721405,0.19482000172138214,0,0.165693998336792,-0.4447680115699768,0.8801860213279724,0,0.10444899648427963,0.8954169750213623,0.4328030049800873,0,-0.23016299307346344,-0.14885400235652924,-0.033107999712228775,1,0.9949690103530884,-0.0735969990491867,-0.06797199696302414,0,-0.04619799926877022,0.26497700810432434,-0.963146984577179,0,0.0888959988951683,0.9614419937133789,0.2602440118789673,0,0,1.2288390398025513,0,1,0.9908300042152405,0.0631449967622757,-0.11945399641990662,0,0.12665000557899475,-0.12599000334739685,0.9839140176773071,0,0.04707900062203407,-0.9900199770927429,-0.13283200562000275,0,0,1.092283010482788,0,1,0.9983100295066833,-0.012943999841809273,0.0566600002348423,0,-0.0120430001989007,0.9076560139656067,0.41954299807548523,0,-0.05685799941420555,-0.419515997171402,0.9059649705886841,0,0,0.32063600420951843,0,1
K0.033,0.8316360116004944,-0.023410020396113396,0.5548269152641296,0,-0.19404897093772888,0.9238770008087158,0.32984304428100586,0,-0.5203139781951904,-0.381972998380661,0.7637869715690613,0,0.008921213448047638,2.1077640056610107,0.0496181920170784,1,0.9964619874954224,-0.07889578491449356,-0.028958939015865326,0,0.08354577422142029,0.8924700617790222,0.4433028995990753,0,-0.00912995170801878,-0.44415390491485596,0.8959040641784668,0,0,0.268328994512558,-0.018689999356865883,1,0.9956870079040527,0.0127079077064991,0.09190099686384201,0,-0.009693911299109459,0.9994029998779297,-0.03317295387387276,0,-0.0922669917345047,0.03213896602392197,0.9952149987220764,0,0,0.31380900740623474,0,1,0.994795024394989,0.026514926925301552,0.09839006513357162,0,-0.023684928193688393,0.9992750287055969,-0.029814980924129486,0,-0.09910906851291656,0.027328986674547195,0.9947010278701782,0,0,0.3586390018463135,0,1,0.9432929754257202,-0.04237199202179909,-0.32924503087997437,0,0.012446999549865723,0.9956369996070862,-0.09247496724128723,0,0.3317270278930664,0.08313296735286713,0.9397050142288208,0,0,0.4034680128097534,0,1,0.871178925037384,-0.20066708326339722,-0.4480850398540497,0,0.03970308229327202,0.9384649991989136,-0.3430840075016022,0,0.4893580675125122,0.2810969352722168,0.8255379796028137,0,0,0.09983199834823608,0.028161000460386276,1,0.3783300220966339,0.21164213120937347,-0.9011519551277161,0,0.8856409788131714,0.20042593777179718,0.4188900589942932,0,0.2692689895629883,-0.9565759897232056,-0.11161112785339355,0,0.1507209986448288,0.3509080111980438,-0.0033009999897331,1,0.8472260236740112,0.05879389867186546,0.5279700756072998,0,-0.08417293429374695,0.996159017086029,0.024140069261193275,0,-0.524522066116333,-0.06489202380180359,0.8489199280738831,0,0,0.32168400287628174,0,1,0.6654098033905029,0.481871098279953,-0.5701141357421875,0,-0.7266622185707092,0.5929456353187561,-0.34695613384246826,0,0.17085878551006317,0.6451482176780701,0.7447088956832886,0,0,0.5558720231056213,0,1,0.555059015750885,-0.14085620641708374,0.8197979927062988,0,0.22793802618980408,0.9735890030860901,0.012951227836310863,0,-0.7999709844589233,0.17967489361763,0.5725060701370239,0,0,0.7489020228385925,0,1,0.8734139800071716,0.45928698778152466,-0.16187399625778198,0,-0.4137449860572815,0.8751819729804993,0.25074300169944763,0,0.2568320035934448,-0.15202799439430237,0.9544240236282349,0,-0.04298200085759163,0.026657000184059143,0.007007000036537647,1,0.9862939715385437,-0.07100097090005875,0.14894211292266846,0,0.058562956750392914,0.9945470094680786,0.08629602193832397,0,-0.15425711870193481,-0.07639001309871674,0.9850729703903198,0,-0.01272599957883358,0.03881499916315079,0,1,0.9609370231628418,0.2767549753189087,-0.002487868070602417,0,-0.27663692831993103,0.960178017616272,-0.03912210464477539,0,-0.008438154123723507,0.03828206658363342,0.9992309808731079,0,-0.003298999974504113,0.06045899912714958,0,1,0.9594789743423462,0.15943194925785065,-0.2323400229215622,0,-0.20634695887565613,0.9590470194816589,-0.19403797388076782,0,0.19188904762268066,0.23411796987056732,0.9530829787254333,0,-0.06303700059652328,0.18167099356651306,0.0008590000215917826,1,0.9996520280838013,-0.026360001415014267,-0.00021200078481342643,0,0.022554000839591026,0.8510809540748596,0.5245490670204163,0,-0.013647002167999744,-0.5243720412254333,0.851379930973053,0,0.0006520000169984996,0.04845299944281578,0,1,0.999442994594574,-0.03182400017976761,-0.010027002543210983,0,0.03218099847435951,0.839993953704834,0.541640043258667,0,-0.008814000524580479,-0.5416610836982727,0.84055095911026,0,-0.00002300000051036477,0.0435900017619133,0,1,0.9799069762229919,0.13064301013946533,-0.1507139950990677,0,-0.13244101405143738,0.9911890029907227,-0.0019129739375784993,0,0.1491360068321228,0.021834975108504295,0.9885759949684143,0,-0.02418299950659275,0.186367005109787,-0.0022879999596625566,1,0.9997230172157288,-0.022984985262155533,-0.005109997466206551,0,0.022406985983252525,0.8619809150695801,0.5064451098442078,0,-0.007235996425151825,-0.5064191222190857,0.8622569441795349,0,0.0004490000137593597,0.04813800007104874,0,1,0.9995599985122681,-0.019444946199655533,-0.022397032007575035,0,0.029578985646367073,0.7094959616661072,0.7040890455245972,0,0.002200057962909341,-0.7044410705566406,0.7097589373588562,0,0.00006199999916134402,0.04778999835252762,0,1,0.9918649792671204,0.06670299917459488,-0.10842300206422806,0,-0.0384490005671978,0.9689229726791382,0.24435602128505707,0,0.12135200202465057,-0.23819901049137115,0.9636049866676331,0,0.02308100089430809,0.17782899737358093,-0.0015879999846220016,1,0.9997569918632507,-0.021479999646544456,-0.005011000670492649,0,0.021073000505566597,0.8631330132484436,0.5045360326766968,0,-0.0065130009315907955,-0.5045190453529358,0.8633760213851929,0,0.00025400001322850585,0.052942998707294464,0,1,0.9996950030326843,-0.021314000710844994,-0.012434001080691814,0,0.02411399967968464,0.736816942691803,0.6756620407104492,0,-0.0052400012500584126,-0.67575603723526,0.7371069192886353,0,-0.00019799999427050352,0.05130099877715111,0,1,0.9946969747543335,-0.010070034302771091,0.10235801339149475,0,-0.013701967895030975,0.973351001739502,0.2289089858531952,0,-0.1019350215792656,-0.22909799218177795,0.968051016330719,0,0.0641390010714531,0.15502600371837616,-0.0009800000116229057,1,0.9995689988136292,-0.027817057445645332,-0.009373004548251629,0,0.02588004246354103,0.6844879388809204,0.7285640239715576,0,-0.013851040042936802,-0.7284929752349854,0.684912919998169,0,0.0004299999854993075,0.06326399743556976,0,1,0.9995219707489014,-0.027048056945204735,-0.015000004321336746,0,0.02951304242014885,0.6890649795532227,0.7240980267524719,0,-0.009249039925634861,-0.7241939902305603,0.6895340085029602,0,0.00001700000029813964,0.05552399903535843,0,1,0.07033906877040863,-0.16171109676361084,0.9843279719352722,0,-0.98164302110672,-0.18659304082393646,0.03949303552508354,0,0.17728203535079956,-0.9690369963645935,-0.17186710238456726,0,-0.1507209986448288,0.350957989692688,-0.004017999861389399,1,-0.057076986879110336,0.558709979057312,-0.8273959755897522,0,-0.28437501192092896,0.7853189706802368,0.5499140024185181,0,0.9570130109786987,0.26667800545692444,0.11405999958515167,0,0,0.32168400287628174,0,1,-0.6143758296966553,-0.7768760919570923,0.1378580629825592,0,0.7845931053161621,-0.5830698013305664,0.21081604063510895,0,-0.0833970457315445,0.2376820594072342,0.9677559733390808,0,0,0.556318998336792,0,1,0.5625651478767395,-0.17132611572742462,-0.8088058829307556,0,-0.1506146937608719,0.9406840801239014,-0.30402201414108276,0,0.812917947769165,0.2928497791290283,0.5033921599388123,0,0,0.7471219897270203,0,1,0.8446429967880249,-0.49723199009895325,0.1983410120010376,0,0.4552459716796875,0.8621000051498413,0.2225620150566101,0,-0.28165504336357117,-0.09769101440906525,0.9545300006866455,0,0.044082000851631165,0.02597999945282936,0.00945299956947565,1,0.9882699847221375,-0.07554293423891068,-0.1327269971370697,0,0.08491092920303345,0.9941740036010742,0.06639490276575089,0,0.12693801522254944,-0.0768858939409256,0.9889259934425354,0,0.01158399973064661,0.03998300060629845,0,1,0.9807060360908508,0.19530153274536133,-0.008494163863360882,0,-0.19520854949951172,0.9760780334472656,-0.09573116153478622,0,-0.01040581800043583,0.09554219245910645,0.9953709840774536,0,-0.004923999775201082,0.05985800176858902,0,1,0.8927699327468872,-0.2986449599266052,0.3373021185398102,0,0.36807096004486084,0.9152450561523438,-0.1638568937778473,0,-0.259779155254364,0.27043792605400085,0.9270269870758057,0,0.06706500053405762,0.18151600658893585,0.000015999999959603883,1,0.9999340176582336,0.011395000852644444,-0.0013379995943978429,0,-0.010389001108705997,0.9487360119819641,0.315900057554245,0,0.0048690009862184525,-0.31586605310440063,0.9487910270690918,0,-0.00009899999713525176,0.0483970008790493,0,1,0.9999340176582336,0.011510996147990227,-0.0000840031643747352,0,-0.010710997506976128,0.9331281185150146,0.35938361287117004,0,0.00421499740332365,-0.35935860872268677,0.933190107345581,0,0.00002300000051036477,0.044769998639822006,0,1,0.9865360260009766,-0.14340999722480774,0.07861699908971786,0,0.15083099901676178,0.9836519956588745,-0.09837999939918518,0,-0.06322299689054489,0.10891400277614594,0.9920390248298645,0,0.020669000223279,0.18546700477600098,-0.0016629999736323953,1,0.999779999256134,0.017403023317456245,0.011714034713804722,0,-0.02080203779041767,0.8946059942245483,0.4463719427585602,0,-0.0027110218070447445,-0.4465169310569763,0.8947709798812866,0,-0.000015999999959603883,0.05055899918079376,0,1,0.9998660087585449,-0.0029159861151129007,0.01612701080739498,0,-0.007863017730414867,0.7780200242996216,0.6281909942626953,0,-0.014379000291228294,-0.628233015537262,0.777891993522644,0,0.00007000000186963007,0.04644500091671944,0,1,0.9903849959373474,0.07550796866416931,-0.11591296643018723,0,-0.06493698060512543,0.9936010241508484,0.09241795539855957,0,0.12214895337820053,-0.08400296419858932,0.9889510273933411,0,-0.019067000597715378,0.17634999752044678,-0.00033000000985339284,1,0.9999669790267944,0.007720991503447294,-0.002544060815125704,0,-0.005807965528219938,0.8975149989128113,0.44094499945640564,0,0.005688050761818886,-0.4409160017967224,0.8975300192832947,0,-0.00009300000237999484,0.052212998270988464,0,1,0.9998440146446228,0.015849994495511055,0.007852968759834766,0,-0.01756397821009159,0.8368710279464722,0.5471179485321045,0,0.0021000229753553867,-0.5471709370613098,0.8370180130004883,0,0.00002300000051036477,0.05178099870681763,0,1,0.9180219769477844,0.24900904297828674,-0.30859386920928955,0,-0.19797009229660034,0.9621229767799377,0.18741993606090546,0,0.3435748815536499,-0.11096394807100296,0.9325470328330994,0,-0.0686660036444664,0.15241099894046783,-0.0018240000354126096,1,0.9999510049819946,0.0026369139086455107,0.009500031359493732,0,-0.007789949420839548,0.8019769787788391,0.5973039269447327,0,-0.006044076755642891,-0.5973489284515381,0.8019589781761169,0,-0.00009600000339560211,0.06865199655294418,0,1,0.999970018863678,0.0038509967271238565,0.006686996668577194,0,-0.007003994192928076,0.8167040944099426,0.5770138502120972,0,-0.003239000914618373,-0.5770438313484192,0.8167071342468262,0,-0.000048000001697801054,0.054106999188661575,0,1,-0.9310322403907776,-0.08303498476743698,0.35536423325538635,0,0.36253222823143005,-0.09887489676475525,0.9267113208770752,0,-0.04181211441755295,0.9916300177574158,0.12215785682201385,0,0.23016299307346344,-0.14885400235652924,-0.03262300044298172,1,0.9385942816734314,0.042175907641649246,0.34243547916412354,0,0.3448454737663269,-0.08285481482744217,-0.9349953532218933,0,-0.01106135081499815,0.9956690669059753,-0.09231092780828476,0,0,1.2287869453430176,0,1,0.9997079968452454,-0.0236514862626791,-0.004991857800632715,0,0.013090060092508793,0.3561062812805176,0.9343538880348206,0,-0.020321499556303024,-0.9341458678245544,0.35631227493286133,0,0,1.0921239852905273,0,1,0.9974179863929749,0.012088966555893421,-0.07078590244054794,0,0.018407994881272316,0.9097449779510498,0.4147580564022064,0,0.06941189616918564,-0.4149910509586334,0.9071739912033081,0,0,0.3138349950313568,0,1,-0.9810670018196106,-0.016785340383648872,0.1929389387369156,0,0.17790009081363678,-0.4718422591686249,0.8635488152503967,0,0.0765417292714119,0.8815228343009949,0.46589532494544983,0,-0.23016299307346344,-0.14885400235652924,-0.033107999712228775,1,0.9937620162963867,-0.07238396257162094,-0.08484020829200745,0,-0.06305520981550217,0.26278501749038696,-0.9627919793128967,0,0.09198501706123352,0.9621359705924988,0.25658100843429565,0,0,1.2288390398025513,0,1,0.9921489953994751,0.02313157357275486,-0.12290700525045395,0,0.1250489056110382,-0.16785842180252075,0.9778479337692261,0,0.0019885320216417313,-0.9855399131774902,-0.1694333553314209,0,0,1.092283010482788,0,1,0.9983100295066833,-0.012942999601364136,0.0566600002348423,0,-0.012044000439345837,0.9076550006866455,0.41954299807548523,0,-0.05685799941420555,-0.41951701045036316,0.9059649705886841,0,0,0.32063600420951843,0,1
