3.633,30,108,65
B0,mixamorig_Hips,-1,0.6899272799491882,-0.3551137447357178,-0.6304126381874084,0,0.023627731949090958,0.881836473941803,-0.4706556797027588,0,0.7232936024665833,0.30963557958602905,0.6169539093971252,0,-0.041160665452480316,1.2848153114318848,-1.1404951810836792,1
B1,mixamorig_Spine,0,0.998694658279419,0.029803389683365822,0.04148546978831291,0,-0.03646916523575783,0.984674870967865,0.17053347826004028,0,-0.03576643764972687,-0.17182378470897675,0.9844764471054077,0,0,0.268328994512558,-0.018689999356865883,1
B2,mixamorig_Spine1,1,0.9903196096420288,0.10606549680233002,0.08952373266220093,0,-0.11702480912208557,0.9848825931549072,0.1276952624320984,0,-0.07462391257286072,-0.13693439960479736,0.9877625107765198,0,0,0.31380900740623474,0,1
B3,mixamorig_Spine2,2,0.9909295439720154,0.10314235091209412,0.08613114804029465,0,-0.11402466893196106,0.9845494031906128,0.1328696757555008,0,-0.07109345495700836,-0.1414845734834671,0.9873804450035095,0,0,0.3586390018463135,0,1
B4,mixamorig_Neck,3,0.7964541912078857,0.5198380947113037,0.3087104856967926,0,-0.3943338692188263,0.833400547504425,-0.38664373755455017,0,-0.4581691324710846,0.1862310916185379,0.8688441514968872,0,0,0.4034680128097534,0,1
B5,mixamorig_Head,4,0.9597545266151428,0.06537913531064987,0.2731042504310608,0,-0.054250624030828476,0.9973606467247009,-0.048102203756570816,0,-0.2755243182182312,0.03135448694229126,0.9607791900634766,0,0,0.09983199834823608,0.028161000460386276,1
B6,mixamorig_HeadTop_End,5,1,0,0,0,0,1,0,0,0,0,1,0,0,0.7941700220108032,0.22402000427246094,1
B7,mixamorig_LeftShoulder,3,0.5411628484725952,0.005405324045568705,-0.8407657742500305,0,0.8194469213485718,-0.22751343250274658,0.5260483026504517,0,-0.18845804035663605,-0.9736372828483582,-0.12756837904453278,0,0.1507209986448288,0.3509080111980438,-0.0033009999897331,1
B8,mixamorig_LeftArm,7,0.42418405413627625,0.7602434754371643,0.4909779131412506,0,-0.8962012529373169,0.4281383454799652,0.11160619556903839,0,-0.12533392012119293,-0.48822471499443054,0.8635194301605225,0,0,0.32168400287628174,0,1
B9,mixamorig_LeftForeArm,8,0.13409090042114258,0.48374009132385254,-0.864849865436554,0,-0.6438772678375244,0.7056397199630737,0.29503104090690613,0,0.7529951930046082,0.5172991156578064,0.406078577041626,0,0,0.5558720231056213,0,1
B10,mixamorig_LeftHand,9,0.06995591521263123,-0.34486132860183716,0.9358946084976196,0,0.3792521357536316,0.8769916892051697,0.2946751117706299,0,-0.9224603176116943,0.33452484011650085,0.19210101664066315,0,0,0.7489020228385925,0,1
B11,mixamorig_LeftHandThumb1,10,0.9743118286132812,0.19916634261608124,0.10497386753559113,0,-0.2018515169620514,0.9792767763137817,0.01550353690981865,0,-0.09970477968454361,-0.0362948402762413,0.9943533539772034,0,-0.04298200085759163,0.026657000184059143,0.007007000036537647,1
B12,mixamorig_LeftHandThumb2,11,0.9888770580291748,0.01567860320210457,0.14790739119052887,0,-0.026981430128216743,0.996838390827179,0.0747273862361908,0,-0.14626842737197876,-0.07788702100515366,0.9861741065979004,0,-0.01272599957883358,0.03881499916315079,0,1
B13,mixamorig_LeftHandThumb3,12,0.9303747415542603,0.3663955628871918,-0.012554447166621685,0,-0.3666037917137146,0.9300245046615601,-0.02559988759458065,0,0.0022959248162806034,0.028419818729162216,0.9995931386947632,0,-0.003298999974504113,0.06045899912714958,0,1
B14,mixamorig_LeftHandThumb4,13,1,0,0,0,0,1,0,0,0,0,1,0,0.01602499932050705,0.058823999017477036,0,1
B15,mixamorig_LeftHandIndex1,10,0.9808906316757202,0.06923133879899979,-0.18182402849197388,0,-0.12685418128967285,0.9361600875854492,-0.3278874158859253,0,0.1475180834531784,0.3446867763996124,0.927053689956665,0,-0.06303700059652328,0.18167099356651306,0.0008590000215917826,1
B16,mixamorig_LeftHandIndex2,15,0.9997569918632507,-0.021974390372633934,0.0017639024881646037,0,0.02118203416466713,0.9797021150588989,0.19933581352233887,0,-0.006108165252953768,-0.19924980401992798,0.9799295663833618,0,0.0006520000169984996,0.04845299944281578,0,1
B17,mixamorig_LeftHandIndex3,16,0.9996569752693176,-0.026176774874329567,-0.00025464847567491233,0,0.025121357291936874,0.9565151929855347,0.2905987501144409,0,-0.007363677956163883,-0.2905057370662689,0.9568448066711426,0,-0.00002300000051036477,0.0435900017619133,0,1
B18,mixamorig_LeftHandIndex4,17,1,0,0,0,0,1,0,0,0,0,1,0,-0.0006290000164881349,0.03467100113630295,0,1
B19,mixamorig_LeftHandMiddle1,10,0.9791343212127686,0.12103559821844101,-0.16323749721050262,0,-0.1442808210849762,0.9797267317771912,-0.13898877799510956,0,0.1431061327457428,0.1596406251192093,0.9767468571662903,0,-0.02418299950659275,0.186367005109787,-0.0022879999596625566,1
B20,mixamorig_LeftHandMiddle2,19,0.9997519850730896,-0.021912679076194763,-0.00387883884832263,0,0.021832257509231567,0.9320549368858337,0.36165812611579895,0,-0.004309097304940224,-0.3616531193256378,0.9323029518127441,0,0.0004490000137593597,0.04813800007104874,0,1
B21,mixamorig_LeftHandMiddle3,20,0.9998041391372681,-0.01868387870490551,-0.006534653250128031,0,0.019613008946180344,0.979668378829956,0.19965781271457672,0,0.0026713854167610407,-0.199747234582901,0.9798428416252136,0,0.00006199999916134402,0.04778999835252762,0,1
B22,mixamorig_LeftHandMiddle4,21,1,0,0,0,0,1,0,0,0,0,1,0,-0.0005099999834783375,0.04010099917650223,0,1
B23,mixamorig_LeftHandRing1,10,0.9875741600990295,0.11090242117643356,-0.11134286969900131,0,-0.11319105327129364,0.9934688210487366,-0.014429226517677307,0,0.10901527106761932,0.02685251086950302,0.9936773180961609,0,0.02308100089430809,0.17782899737358093,-0.0015879999846220016,1
B24,mixamorig_LeftHandRing2,23,0.9998559951782227,-0.016771551221609116,-0.0025000975001603365,0,0.016855711117386818,0.9668570756912231,0.2547615170478821,0,-0.0018552924739196897,-0.25476694107055664,0.9670004844665527,0,0.00025400001322850585,0.052942998707294464,0,1
B25,mixamorig_LeftHandRing3,24,0.9997950196266174,-0.018779193982481956,-0.007592292502522469,0,0.020129291340708733,0.8793371915817261,0.47577425837516785,0,-0.002258355962112546,-0.47582927346229553,0.8795346021652222,0,-0.00019799999427050352,0.05130099877715111,0,1
B26,mixamorig_LeftHandRing4,25,1,0,0,0,0,1,0,0,0,0,1,0,-0.000056000000768108293,0.0424249991774559,0,1
B27,mixamorig_LeftHandPinky1,10,0.9926162958145142,0.07279567420482635,0.09702635556459427,0,-0.06910593807697296,0.9967716932296753,-0.040866050869226456,0,-0.09968812018632889,0.033859092742204666,0.994442343711853,0,0.0641390010714531,0.15502600371837616,-0.0009800000116229057,1
B28,mixamorig_LeftHandPinky2,27,0.9998239874839783,-0.017916711047291756,-0.005529195070266724,0,0.018188292160630226,0.8550131916999817,0.5182876586914062,0,-0.004558131564408541,-0.5182970762252808,0.8551881909370422,0,0.0004299999854993075,0.06326399743556976,0,1
B29,mixamorig_LeftHandPinky3,28,0.999932587146759,-0.011380203999578953,-0.00231303833425045,0,0.0115571403875947,0.9946861267089844,0.10228855162858963,0,0.0011360635980963707,-0.10230854898691177,0.9947505593299866,0,0.00001700000029813964,0.05552399903535843,0,1
B30,mixamorig_LeftHandPinky4,29,1,0,0,0,0,1,0,0,0,0,1,0,-0.000446999998530373,0.04917600005865097,0,1
B31,mixamorig_RightShoulder,3,0.3995386064052582,0.11279568821191788,0.9097199440002441,0,-0.8073439002037048,-0.42679351568222046,0.4074748754501343,0,0.43423333764076233,-0.8972566723823547,-0.07945674657821655,0,-0.1507209986448288,0.350957989692688,-0.004017999861389399,1
B32,mixamorig_RightArm,31,0.9392890930175781,0.2869367003440857,-0.18771670758724213,0,-0.22817645967006683,0.9317197799682617,0.2825281322002411,0,0.25598248839378357,-0.22258172929286957,0.9406242370605469,0,0,0.32168400287628174,0,1
B33,mixamorig_RightForeArm,32,0.16726401448249817,-0.4697692096233368,0.86674964427948,0,0.8611955642700195,0.4974174201488495,0.10323882102966309,0,-0.4796261191368103,0.7292023301124573,0.4877376854419708,0,0,0.556318998336792,0,1
B34,mixamorig_RightHand,33,0.31659558415412903,0.3530360758304596,-0.8803070783615112,0,-0.16666972637176514,0.9341932535171509,0.31479668617248535,0,0.9337404370307922,0.0470731258392334,0.35446348786354065,0,0,0.7471219897270203,0,1
B35,mixamorig_RightHandThumb1,34,0.9326714277267456,-0.2967820465564728,0.20475028455257416,0,0.3056345582008362,0.9519734382629395,-0.012461592443287373,0,-0.19131168723106384,0.07426515966653824,0.9786773324012756,0,0.044082000851631165,0.02597999945282936,0.00945299956947565,1
B36,mixamorig_RightHandThumb2,35,0.976028323173523,-0.1363629847764969,-0.16955316066741943,0,0.17616339027881622,0.9526092410087585,0.24794434010982513,0,0.12771408259868622,-0.27187660336494446,0.9538195729255676,0,0.01158399973064661,0.03998300060629845,0,1
B37,mixamorig_RightHandThumb3,36,0.9815818071365356,0.1904786229133606,-0.013778709806501865,0,-0.1880023330450058,0.9764609932899475,0.10561099648475647,0,0.03357493504881859,-0.10107651352882385,0.9943118095397949,0,-0.004923999775201082,0.05985800176858902,0,1
B38,mixamorig_RightHandThumb4,37,1,0,0,0,0,1,0,0,0,0,1,0,-0.006659999955445528,0.05996600165963173,0,1
B39,mixamorig_RightHandIndex1,34,0.9151666164398193,-0.2564343810081482,0.3109382390975952,0,0.30680251121520996,0.9426085948944092,-0.1258123219013214,0,-0.26101917028427124,0.21060121059417725,0.9412801861763,0,0.06706500053405762,0.18151600658893585,0.000015999999959603883,1
B40,mixamorig_RightHandIndex2,39,0.9999237656593323,0.012321552261710167,-0.0008638846920803189,0,-0.010922344401478767,0.9146919846534729,0.4038417637348175,0,0.0057672602124512196,-0.4038013219833374,0.9147568345069885,0,-0.00009899999713525176,0.0483970008790493,0,1
B41,mixamorig_RightHandIndex3,40,0.99991774559021,0.012774934060871601,0.0013073666486889124,0,-0.011866739019751549,0.880242645740509,0.4741973876953125,0,0.0049092466942965984,-0.47417381405830383,0.8803213238716125,0,0.00002300000051036477,0.044769998639822006,0,1
B42,mixamorig_RightHandIndex4,41,1,0,0,0,0,1,0,0,0,0,1,0,0.00007599999662488699,0.03627999871969223,0,1
B43,mixamorig_RightHandMiddle1,34,0.985383927822113,-0.15291514992713928,0.07507075369358063,0,0.1589074730873108,0.9835968613624573,-0.08219082653522491,0,-0.061259541660547256,0.09291693568229675,0.9935210347175598,0,0.020669000223279,0.18546700477600098,-0.0016629999736323953,1
B44,mixamorig_RightHandMiddle2,43,0.9998447299003601,0.015526766888797283,0.008363377302885056,0,-0.017630476504564285,0.888482928276062,0.4579928517341614,0,-0.0003101103357039392,-0.45806896686553955,0.8886181712150574,0,-0.000015999999959603883,0.05055899918079376,0,1
B45,mixamorig_RightHandMiddle3,44,0.9999575018882751,0.0007779620937071741,0.009204368107020855,0,-0.006445648148655891,0.7721729278564453,0.6349624395370483,0,-0.006603925954550505,-0.6349946856498718,0.7721452116966248,0,0.00007000000186963007,0.04644500091671944,0,1
B46,mixamorig_RightHandMiddle4,45,1,0,0,0,0,1,0,0,0,0,1,0,-0.000052999999752501026,0.0369269996881485,0,1
B47,mixamorig_RightHandRing1,34,0.9936070442199707,0.0009689121507108212,-0.1124773845076561,0,0.011573204770684242,0.9935237169265747,0.11030809581279755,0,0.1120777279138565,-0.11089218407869339,0.987225353717804,0,-0.019067000597715378,0.17634999752044678,-0.00033000000985339284,1
B48,mixamorig_RightHandRing2,47,0.9999576210975647,0.00857088714838028,0.003287840634584427,0,-0.009132497012615204,0.89432692527771,0.4467276334762573,0,0.0008971142233349383,-0.4467386305332184,0.8943678736686707,0,-0.00009300000237999484,0.052212998270988464,0,1
B49,mixamorig_RightHandRing3,48,0.9998052716255188,0.016390126198530197,0.010983993299305439,0,-0.01972976326942444,0.8321105241775513,0.5537806153297424,0,-0.00005412814061855897,-0.5538893938064575,0.8322719931602478,0,0.00002300000051036477,0.05178099870681763,0,1
B50,mixamorig_RightHandRing4,49,1,0,0,0,0,1,0,0,0,0,1,0,0.00007000000186963007,0.04593599960207939,0,1
B51,mixamorig_RightHandPinky1,34,0.9440755248069763,0.11205441504716873,-0.30964621901512146,0,-0.06156671419739723,0.983478307723999,0.16790316998958588,0,0.32378122210502625,-0.13938117027282715,0.9355236887931824,0,-0.0686660036444664,0.15241099894046783,-0.0018240000354126096,1
B52,mixamorig_RightHandPinky2,51,0.9999184012413025,0.010898708365857601,0.006626075599342585,0,-0.012684048153460026,0.7959401607513428,0.604803740978241,0,0.0013274701777845621,-0.6048389673233032,0.7960137128829956,0,-0.00009600000339560211,0.06865199655294418,0,1
B53,mixamorig_RightHandPinky3,52,0.9999099969863892,0.010614567436277866,0.008235190995037556,0,-0.013430964201688766,0.7998576164245605,0.5995970368385315,0,-0.00021286965056788176,-0.5996535420417786,0.7999283075332642,0,-0.000048000001697801054,0.054106999188661575,0,1
B54,mixamorig_RightHandPinky4,53,1,0,0,0,0,1,0,0,0,0,1,0,0.00014400000509340316,0.04647200182080269,0,1
B55,mixamorig_LeftUpLeg,0,-0.9604337215423584,0.2544206976890564,-0.10354919731616974,0,-0.2320849895477295,-0.5485600233078003,0.8031574487686157,0,0.14772500097751617,0.7958025932312012,0.5855655074119568,0,0.23016299307346344,-0.14885400235652924,-0.03262300044298172,1
B56,mixamorig_LeftLeg,55,0.9640893340110779,-0.2543092966079712,-0.005965379998087883,0,0.18844562768936157,0.7416461110115051,-0.6422103643417358,0,0.1673535704612732,0.6193028092384338,0.762353241443634,0,0,1.2287869453430176,0,1
B57,mixamorig_LeftFoot,56,0.9681369662284851,-0.09921049326658249,0.2298492044210434,0,-0.07628018409013748,0.75765061378479,0.6477305889129639,0,-0.23834910988807678,-0.6446451544761658,0.7259505987167358,0,0,1.0921239852905273,0,1
B58,mixamorig_LeftToeBase,57,0.9981937408447266,0.008448926731944084,-0.056628983467817307,0,0.016651315614581108,0.905143141746521,0.42440295219421387,0,0.05499472841620445,-0.42448297142982483,0.903503954410553,0,0,0.3138349950313568,0,1
B59,mixamorig_LeftToe_End,58,1,0,0,0,0,1,0,0,0,0,1,0,0,0.12210000306367874,0,1
B60,mixamorig_RightUpLeg,0,-0.872645914554596,0.4607459604740143,0.14491784572601318,0,-0.4189841151237488,-0.8745008707046509,0.2404017597436905,0,0.23755870759487152,0.15101251006126404,0.9564746022224426,0,-0.23016299307346344,-0.14885400235652924,-0.033107999712228775,1
B61,mixamorig_RightLeg,60,0.9561626315116882,0.1883929967880249,-0.22407343983650208,0,-0.11345256119966507,-0.4658169746398926,-0.8768749237060547,0,-0.26962584257125854,0.8638531565666199,-0.4240016043186188,0,0,1.2288390398025513,0,1
B62,mixamorig_RightFoot,61,0.9288893938064575,0.3664413392543793,-0.050712741911411285,0,0.002649641828611493,0.13011160492897034,0.991451621055603,0,0.3699502944946289,-0.9210997819900513,0.11981020122766495,0,0,1.092283010482788,0,1
B63,mixamorig_RightToeBase,62,0.8283494710922241,0.1470365673303604,-0.5384635329246521,0,0.3549705743789673,0.6051113605499268,0.7111753225326538,0,0.4308584928512573,-0.7822859883308411,0.4495953917503357,0,0,0.32063600420951843,0,1
B64,mixamorig_RightToe_End,63,1,0,0,0,0,1,0,0,0,0,1,0,0,0.12245699763298035,0,1
@52,0,1,2,3,4,5,7,8,9,10,11,12,13,15,16,17,19,20,21,23,24,25,27,28,29,31,32,33,34,35,36,37,39,40,41,43,44,45,47,48,49,51,52,53,55,56,57,58,60,61,62,63
K0.000,0.5223770141601562,0.06820099800825119,0.8499829769134521,0,-0.05936500057578087,0.9972869753837585,-0.043535999953746796,0,-0.8506460189819336,-0.027716999873518944,0.5250080227851868,0,-0.027959000319242477,2.306180953979492,0.019766999408602715,1,0.9988840222358704,-0.045740000903606415,-0.011780000291764736,0,0.046856001019477844,0.9910359978675842,0.12511199712753296,0,0.00595200015231967,-0.12552399933338165,0.9920729994773865,0,0,0.268328994512558,-0.018689999356865883,1,0.9952399730682373,-0.09506600350141525,-0.02142699994146824,0,0.09718000143766403,0.9845569729804993,0.14561299979686737,0,0.007253999821841717,-0.14700199663639069,0.989109992980957,0,0,0.31380900740623474,0,1,0.9952409863471985,-0.09504900127649307,-0.021466000005602837,0,0.09717199951410294,0.9845010042190552,0.1459989994764328,0,0.0072570000775158405,-0.1473899930715561,0.9890519976615906,0,0,0.3586390018463135,0,1,0.8858389854431152,0.07416199892759323,-0.4580270051956177,0,-0.189300999045372,0.9590179920196533,-0.21083299815654755,0,0.42361998558044434,0.2734690010547638,0.8635740280151367,0,0,0.4034680128097534,0,1,0.9014269709587097,-0.058173999190330505,-0.4290040135383606,0,0.05053500086069107,0.9982960224151611,-0.029186999425292015,0,0.42997100949287415,0.004631000105291605,0.9028310179710388,0,0,0.09983199834823608,0.028161000460386276,1,0.19151000678539276,-0.11057700216770172,-0.975242018699646,0,0.970628023147583,-0.1260869950056076,0.20489999651908875,0,-0.14562200009822845,-0.9858369827270508,0.08318199962377548,0,0.1507209986448288,0.3509080111980438,-0.0033009999897331,1,0.9151610136032104,-0.16929900646209717,0.36581099033355713,0,-0.06893499940633774,0.8284180164337158,0.555853009223938,0,-0.3971500098705292,-0.5339120030403137,0.7464650273323059,0,0,0.32168400287628174,0,1,0.41079699993133545,0.4225409924983978,-0.8079010248184204,0,-0.683305025100708,0.7293400168418884,0.03401000052690506,0,0.6036049723625183,0.5380719900131226,0.5883349776268005,0,0,0.5558720231056213,0,1,0.8495910167694092,-0.021662000566720963,0.5269970297813416,0,0.15529899299144745,0.9651380181312561,-0.21069200336933136,0,-0.5040599703788757,0.26084399223327637,0.8233370184898376,0,0,0.7489020228385925,0,1,0.8601120114326477,0.46327200531959534,-0.21351200342178345,0,-0.4062950015068054,0.8752580285072327,0.2623879909515381,0,0.30843499302864075,-0.13893400132656097,0.9410449862480164,0,-0.04298200085759163,0.026657000184059143,0.007007000036537647,1,0.9855719804763794,-0.0635790005326271,0.15685999393463135,0,0.05045299977064133,0.9949920177459717,0.08628799766302109,0,-0.1615609973669052,-0.07712899893522263,0.983843982219696,0,-0.01272599957883358,0.03881499916315079,0,1,0.9596350193023682,0.2808609902858734,-0.014781000092625618,0,-0.2811889946460724,0.9591950178146362,-0.029624000191688538,0,0.00585799990221858,0.03258499875664711,0.9994519948959351,0,-0.003298999974504113,0.06045899912714958,0,1,0.9597160220146179,0.15633299946784973,-0.23346400260925293,0,-0.2015179991722107,0.9620059728622437,-0.18421199917793274,0,0.19579599797725677,0.22383899986743927,0.9547569751739502,0,-0.06303700059652328,0.18167099356651306,0.0008590000215917826,1,0.99965500831604,-0.026277000084519386,-0.00013899999612476677,0,0.022571999579668045,0.8559679985046387,0.5165359973907471,0,-0.01345400046557188,-0.5163609981536865,0.8562650084495544,0,0.0006520000169984996,0.04845299944281578,0,1,0.9995909929275513,-0.027691999450325966,-0.007089000195264816,0,0.027202000841498375,0.8453059792518616,0.5335900187492371,0,-0.00878399983048439,-0.5335649847984314,0.8457130193710327,0,-0.00002300000051036477,0.0435900017619133,0,1,0.9791259765625,0.13926300406455994,-0.148048996925354,0,-0.13996900618076324,0.9901400208473206,0.005688999779522419,0,0.147380992770195,0.01515199989080429,0.9889640212059021,0,-0.02418299950659275,0.186367005109787,-0.0022879999596625566,1,0.999688982963562,-0.02436400018632412,-0.005229000002145767,0,0.023729000240564346,0.866690993309021,0.49828100204467773,0,-0.007608000189065933,-0.4982509911060333,0.8669999837875366,0,0.0004490000137593597,0.04813800007104874,0,1,0.999517023563385,-0.024275999516248703,-0.019386999309062958,0,0.030912000685930252,0.7147079706192017,0.6987400054931641,0,-0.0031059999018907547,-0.6990020275115967,0.7151129841804504,0,0.00006199999916134402,0.04778999835252762,0,1,0.9918100237846375,0.07365500181913376,-0.1043429970741272,0,-0.04432100057601929,0.9646779894828796,0.2596760094165802,0,0.11978399753570557,-0.25292500853538513,0.9600419998168945,0,0.02308100089430809,0.17782899737358093,-0.0015879999846220016,1,0.9997569918632507,-0.021544000133872032,-0.004732999950647354,0,0.02101000025868416,0.8647540211677551,0.5017549991607666,0,-0.0067170001566410065,-0.5017330050468445,0.8649970293045044,0,0.00025400001322850585,0.052942998707294464,0,1,0.9996979832649231,-0.021258000284433365,-0.01233499962836504,0,0.02404100075364113,0.7414659857749939,0.6705600023269653,0,-0.005109000019729137,-0.6706539988517761,0.7417529821395874,0,-0.00019799999427050352,0.05130099877715111,0,1,0.9947900176048279,-0.00240899994969368,0.10191799700260162,0,-0.021991999819874763,0.9711120128631592,0.23760999739170074,0,-0.09954600036144257,-0.23861299455165863,0.9659990072250366,0,0.0641390010714531,0.15502600371837616,-0.0009800000116229057,1,0.9997180104255676,-0.022014999762177467,-0.008956000208854675,0,0.021637000143527985,0.6871039867401123,0.7262369990348816,0,-0.009835000149905682,-0.7262250185012817,0.6873859763145447,0,0.0004299999854993075,0.06326399743556976,0,1,0.9996669888496399,-0.021275000646710396,-0.014588999561965466,0,0.025248000398278236,0.6908919811248779,0.7225170135498047,0,-0.0052919997833669186,-0.7226449847221375,0.691199004650116,0,0.00001700000029813964,0.05552399903535843,0,1,0.17443199455738068,0.09943100064992905,0.979636013507843,0,-0.9774990081787109,-0.10236100107431412,0.1844410002231598,0,0.11861500144004822,-0.989766001701355,0.07933799922466278,0,-0.1507209986448288,0.350957989692688,-0.004017999861389399,1,0.6675860285758972,0.4356899857521057,-0.6037409901618958,0,-0.0015699999639764428,0.8117210268974304,0.584043025970459,0,0.744530975818634,-0.38895100355148315,0.5425779819488525,0,0,0.32168400287628174,0,1,-0.2886190116405487,-0.6683260202407837,0.6855940222740173,0,0.9376959800720215,-0.3419950008392334,0.06136700138449669,0,0.1934559941291809,0.6605899930000305,0.7253929972648621,0,0,0.556318998336792,0,1,0.4346889853477478,-0.10879900306463242,-0.8939849734306335,0,-0.09323900192975998,0.9819039702415466,-0.16483500599861145,0,0.8957409858703613,0.15500600636005402,0.4166789948940277,0,0,0.7471219897270203,0,1,0.8289459943771362,-0.5014479756355286,0.2477869987487793,0,0.45045599341392517,0.8611230254173279,0.23570600152015686,0,-0.33156898617744446,-0.08376999944448471,0.9397050142288208,0,0.044082000851631165,0.02597999945282936,0.00945299956947565,1,0.9839730262756348,-0.09198600053787231,-0.15275800228118896,0,0.10400699824094772,0.991919994354248,0.07264400273561478,0,0.1448419988155365,-0.0873669981956482,0.9855899810791016,0,0.01158399973064661,0.03998300060629845,0,1,0.9713429808616638,0.2375900000333786,0.006579999811947346,0,-0.23629699647426605,0.9682989716529846,-0.08100000023841858,0,-0.025615999475121498,0.07712399959564209,0.9966920018196106,0,-0.004923999775201082,0.05985800176858902,0,1,0.8966580033302307,-0.2966200113296509,0.32866498827934265,0,0.3623569905757904,0.9182239770889282,-0.15987999737262726,0,-0.2543649971485138,0.26245200634002686,0.9308159947395325,0,0.06706500053405762,0.18151600658893585,0.000015999999959603883,1,0.9999369978904724,0.01117900013923645,-0.0013680000556632876,0,-0.010205999948084354,0.9508299827575684,0.30954399704933167,0,0.0047610001638531685,-0.3095099925994873,0.9508839845657349,0,-0.00009899999713525176,0.0483970008790493,0,1,0.9999279975891113,0.012020999565720558,0.00031900001340545714,0,-0.011169999837875366,0.9187049865722656,0.3947870135307312,0,0.004453000146895647,-0.3947620093822479,0.9187729954719543,0,0.00002300000051036477,0.044769998639822006,0,1,0.9853529930114746,-0.15306100249290466,0.0751819983124733,0,0.159510999917984,0.9831809997558594,-0.08895199745893478,0,-0.0603020004928112,0.09964100271463394,0.9931939840316772,0,0.020669000223279,0.18546700477600098,-0.0016629999736323953,1,0.9998469948768616,0.015438999980688095,0.008271999657154083,0,-0.017510000616312027,0.8918139934539795,0.45206400752067566,0,-0.0003980000037699938,-0.4521389901638031,0.8919469714164734,0,-0.000015999999959603883,0.05055899918079376,0,1,0.9999579787254333,0.0006890000076964498,0.00912300031632185,0,-0.006281999871134758,0.7766770124435425,0.6298679709434509,0,-0.006651999894529581,-0.6298990249633789,0.776648998260498,0,0.00007000000186963007,0.04644500091671944,0,1,0.9897559881210327,0.07440999895334244,-0.12184300273656845,0,-0.06099899858236313,0.9920219779014587,0.11032699793577194,0,0.12907999753952026,-0.10176499933004379,0.9863989949226379,0,-0.019067000597715378,0.17634999752044678,-0.00033000000985339284,1,0.9999589920043945,0.008457000367343426,0.003249000059440732,0,-0.00902399979531765,0.8975809812545776,0.4407559931278229,0,0.0008110000053420663,-0.44076699018478394,0.8976209759712219,0,-0.00009300000237999484,0.052212998270988464,0,1,0.9998080134391785,0.016332000494003296,0.010858000256121159,0,-0.019610999152064323,0.8360790014266968,0.5482580065727234,0,-0.00012399999832268804,-0.5483660101890564,0.8362389802932739,0,0.00002300000051036477,0.05178099870681763,0,1,0.9166110157966614,0.2427860051393509,-0.31761398911476135,0,-0.18532200157642365,0.9619989991188049,0.200532004237175,0,0.35423099994659424,-0.12494900077581406,0.9267730116844177,0,-0.0686660036444664,0.15241099894046783,-0.0018240000354126096,1,0.9999200105667114,0.010804999619722366,0.006546999793499708,0,-0.0125730000436306,0.800246000289917,0.5995399951934814,0,0.0012390000047162175,-0.5995740294456482,0.8003180027008057,0,-0.00009600000339560211,0.06865199655294418,0,1,0.9999110102653503,0.010532000102102757,0.008136999793350697,0,-0.013306999579071999,0.8041290044784546,0.5943059921264648,0,-0.0002840000088326633,-0.5943610072135925,0.8041980266571045,0,-0.000048000001697801054,0.054106999188661575,0,1,-0.8923119902610779,-0.25396400690078735,0.3732050061225891,0,0.4073620140552521,-0.8092449903488159,0.4232949912548065,0,0.1945119947195053,0.5297409892082214,0.8255540132522583,0,0.23016299307346344,-0.14885400235652924,-0.03262300044298172,1,0.9625639915466309,-0.2673240005970001,0.04482699930667877,0,0.21413299441337585,0.6485530138015747,-0.7304289937019348,0,0.16618800163269043,0.7126830220222473,0.6815159916877747,0,0,1.2287869453430176,0,1,0.9854400157928467,-0.1220329999923706,0.11838500201702118,0,-0.09270600229501724,0.1980140060186386,0.9758049845695496,0,-0.14252300560474396,-0.9725729823112488,0.1838179975748062,0,0,1.0921239852905273,0,1,0.9959679841995239,0.025837000459432602,-0.08590500056743622,0,0.01245999988168478,0.908499002456665,0.41770198941230774,0,0.08883699774742126,-0.41708800196647644,0.9045140147209167,0,0,0.3138349950313568,0,1,-0.8828420042991638,0.299560010433197,-0.3617370128631592,0,-0.4366300106048584,-0.8072429895401001,0.3971309959888458,0,-0.17304599285125732,0.5085489749908447,0.8434649705886841,0,-0.23016299307346344,-0.14885400235652924,-0.033107999712228775,1,0.9939079880714417,0.007356999907642603,0.10996299982070923,0,0.0820470005273819,0.6167740225791931,-0.7828519940376282,0,-0.0735820010304451,0.7871059775352478,0.6124140024185181,0,0,1.2288390398025513,0,1,0.9443709850311279,0.32886001467704773,-0.0039049999322742224,0,-0.009507999755442142,0.03916800022125244,0.9991869926452637,0,0.3287459909915924,-0.9435660243034363,0.040116000920534134,0,0,1.092283010482788,0,1,0.9967920184135437,-0.021984999999403954,0.07695399969816208,0,-0.011392000131309032,0.9127619862556458,0.4083330035209656,0,-0.07921800017356873,-0.40790000557899475,0.9095829725265503,0,0,0.32063600420951843,0,1
K0.033,0.5198649764060974,0.06293373554944992,0.8519269824028015,0,-0.05764837935566902,0.9975939989089966,-0.038516074419021606,0,-0.8523010611534119,-0.02908843196928501,0.5222419500350952,0,-0.03604145348072052,2.304387331008911,0.012328166514635086,1,0.9975839853286743,-0.06881607323884964,-0.009461919777095318,0,0.06945806741714478,0.9899230003356934,0.12339991331100464,0,0.0008749180124141276,-0.12375890463590622,0.9923120141029358,0,0,0.268328994512558,-0.018689999356865883,1,0.9962069988250732,-0.08616888523101807,-0.012074818834662437,0,0.0870058685541153,0.9879850745201111,0.12772859632968903,0,0.0009238651837222278,-0.12829458713531494,0.9917360544204712,0,0,0.31380900740623474,0,1,0.9967160224914551,-0.08022285252809525,-0.01099284179508686,0,0.08097083866596222,0.9884240627288818,0.1283055990934372,0,0.000571888405829668,-0.12877458333969116,0.9916740655899048,0,0,0.3586390018463135,0,1,0.8977532386779785,0.14694495499134064,-0.41526687145233154,0,-0.17543868720531464,0.9839985370635986,-0.031080573797225952,0,0.40405556559562683,0.10075655579566956,0.9091679453849792,0,0,0.4034680128097534,0,1,0.9095340967178345,-0.06375423073768616,-0.4107106029987335,0,0.07096251100301743,0.9974759221076965,0.00231069209985435,0,0.409526526927948,-0.03124680556356907,0.9117631316184998,0,0,0.09983199834823608,0.028161000460386276,1,0.18594487011432648,-0.12164920568466187,-0.9750000238418579,0,0.963027834892273,-0.17431090772151947,0.20541000366210938,0,-0.19494092464447021,-0.9771477580070496,0.08473903685808182,0,0.1507209986448288,0.3509080111980438,-0.0033009999897331,1,0.9226250648498535,-0.17565147578716278,0.34337958693504333,0,-0.020347004756331444,0.8668753504753113,0.49810928106307983,0,-0.3851608335971832,-0.46655505895614624,0.7962275743484497,0,0,0.32168400287628174,0,1,0.27225154638290405,0.33747708797454834,-0.9011036157608032,0,-0.6808779239654541,0.7292880415916443,0.06741432845592499,0,0.6799154877662659,0.5951873660087585,0.42833030223846436,0,0,0.5558720231056213,0,1,0.7577980160713196,0.02224445529282093,0.6521100401878357,0,0.14290979504585266,0.9694940447807312,-0.1991419494152069,0,-0.6366460919380188,0.24410274624824524,0.7315019965171814,0,0,0.7489020228385925,0,1,0.8800832033157349,0.4294576644897461,-0.20253488421440125,0,-0.3889548182487488,0.8967092037200928,0.21125248074531555,0,0.2723396420478821,-0.10714265704154968,0.9562171101570129,0,-0.04298200085759163,0.026657000184059143,0.007007000036537647,1,0.9866250157356262,-0.06455500423908234,0.14968092739582062,0,0.04654596745967865,0.9915799498558044,0.12084132432937622,0,-0.156220942735672,-0.11225833743810654,0.9813219308853149,0,-0.01272599957883358,0.03881499916315079,0,1,0.9596549868583679,0.2811119854450226,-0.00620691804215312,0,-0.28108200430870056,0.9596689939498901,0.005350334104150534,0,0.00746101513504982,-0.003390343626961112,0.999966025352478,0,-0.003298999974504113,0.06045899912714958,0,1,0.9640480875968933,0.14262884855270386,-0.22420591115951538,0,-0.17186471819877625,0.9781821370124817,-0.1167173683643341,0,0.2026670277118683,0.15105430781841278,0.9675270318984985,0,-0.06303700059652328,0.18167099356651306,0.0008590000215917826,1,0.9996439814567566,-0.026687003672122955,-0.0004220028640702367,0,0.022570999339222908,0.8368078470230103,0.5470312833786011,0,-0.014245007187128067,-0.5468453168869019,0.8371118307113647,0,0.0006520000169984996,0.04845299944281578,0,1,0.9995830059051514,-0.027753999456763268,-0.00803000945597887,0,0.02745000272989273,0.8255348205566406,0.563683271408081,0,-0.009016001597046852,-0.5636683106422424,0.8259518146514893,0,-0.00002300000051036477,0.0435900017619133,0,1,0.9797109961509705,0.13551194965839386,-0.1476610004901886,0,-0.11968479305505753,0.9865548610687256,0.11128801107406616,0,0.16075611114501953,-0.09135802835226059,0.9827567934989929,0,-0.02418299950659275,0.186367005109787,-0.0022879999596625566,1,0.9996740221977234,-0.024913005530834198,-0.005603003781288862,0,0.02410300448536873,0.8481748104095459,0.5291683077812195,0,-0.008431008085608482,-0.5291302800178528,0.8484988212585449,0,0.0004490000137593597,0.04813800007104874,0,1,0.9994969964027405,-0.024369999766349792,-0.020274009555578232,0,0.03148700296878815,0.6890647411346436,0.7240152359008789,0,-0.003674005623906851,-0.7242892384529114,0.6894857883453369,0,0.00006199999916134402,0.04778999835252762,0,1,0.9918869733810425,0.0724249854683876,-0.10446999967098236,0,-0.03936595097184181,0.9564299583435059,0.2892952561378479,0,0.12087000906467438,-0.2828352749347687,0.9515218734741211,0,0.02308100089430809,0.17782899737358093,-0.0015879999846220016,1,0.9997419714927673,-0.022133005782961845,-0.005127004347741604,0,0.02146400325000286,0.8461158275604248,0.5325673222541809,0,-0.007449007127434015,-0.5325403213500977,0.8463718295097351,0,0.00025400001322850585,0.052942998707294464,0,1,0.9996820092201233,-0.0215310025960207,-0.01309500727802515,0,0.024567006155848503,0.7168267369270325,0.6968192458152771,0,-0.005616005044430494,-0.6969192624092102,0.7171277403831482,0,-0.00019799999427050352,0.05130099877715111,0,1,0.9947829842567444,-0.0033720096107572317,0.10196100175380707,0,-0.02442002296447754,0.962527871131897,0.2700822949409485,0,-0.09905099123716354,-0.27116328477859497,0.9574228525161743,0,0.0641390010714531,0.15502600371837616,-0.0009800000116229057,1,0.999701976776123,-0.02249300293624401,-0.009497005492448807,0,0.021990003064274788,0.660497784614563,0.7505052089691162,0,-0.010608007200062275,-0.7504912614822388,0.6607957482337952,0,0.0004299999854993075,0.06326399743556976,0,1,0.9996500015258789,-0.02152400277554989,-0.015373007394373417,0,0.02579200640320778,0.6644137501716614,0.7469192147254944,0,-0.005862005520612001,-0.7470542192459106,0.6647367477416992,0,0.00001700000029813964,0.05552399903535843,0,1,0.15218855440616608,0.09842900186777115,0.9834380745887756,0,-0.9831641316413879,-0.08673159778118134,0.16082651913166046,0,0.10112456232309341,-0.9913570284843445,0.08357209712266922,0,-0.1507209986448288,0.350957989692688,-0.004017999861389399,1,0.7111530303955078,0.43420982360839844,-0.5529224872589111,0,-0.03745465353131294,0.8087598085403442,0.5869461894035339,0,0.7020387053489685,-0.39669954776763916,0.5914149284362793,0,0,0.32168400287628174,0,1,-0.29169762134552,-0.6766423583030701,0.6760677695274353,0,0.9388872385025024,-0.3375982940196991,0.06721014529466629,0,0.18276232481002808,0.6543559432029724,0.7337681651115417,0,0,0.556318998336792,0,1,0.3292331099510193,-0.11634576320648193,-0.9370531439781189,0,-0.20758017897605896,0.9591848254203796,-0.1920265555381775,0,0.9211492538452148,0.25773516297340393,0.291643887758255,0,0,0.7471219897270203,0,1,0.8436601161956787,-0.47783875465393066,0.24475997686386108,0,0.4364648461341858,0.8759180903434753,0.205587700009346,0,-0.31262680888175964,-0.06661682575941086,0.9475370645523071,0,0.044082000851631165,0.02597999945282936,0.00945299956947565,1,0.9836469888687134,-0.09318701177835464,-0.15412801504135132,0,0.11115607619285583,0.9874269366264343,0.1123904287815094,0,0.14171695709228516,-0.12768442928791046,0.9816379547119141,0,0.01158399973064661,0.03998300060629845,0,1,0.9717940092086792,0.23580798506736755,0.003197962185367942,0,-0.23548898100852966,0.9710289835929871,-0.04059655964374542,0,-0.012677859514951706,0.03869858384132385,0.9991700053215027,0,-0.004923999775201082,0.05985800176858902,0,1,0.8968610167503357,-0.2961350083351135,0.3285500109195709,0,0.34782883524894714,0.9310480952262878,-0.11029745638370514,0,-0.27323222160339355,0.21320046484470367,0.9380240440368652,0,0.06706500053405762,0.18151600658893585,0.000015999999959603883,1,0.9999319911003113,0.011644004844129086,-0.0011799976928159595,0,-0.01050600316375494,0.9374598264694214,0.34793442487716675,0,0.005157004576176405,-0.34789741039276123,0.9375178217887878,0,-0.00009899999713525176,0.0483970008790493,0,1,0.9999229907989502,0.01237800344824791,0.0007650050101801753,0,-0.01149500347673893,0.9018958210945129,0.43180039525032043,0,0.004655002150684595,-0.43177539110183716,0.9019688367843628,0,0.00002300000051036477,0.044769998639822006,0,1,0.9855369925498962,-0.1522039920091629,0.07449999451637268,0,0.1560339480638504,0.9865559935569763,-0.048593562096357346,0,-0.0661020576953888,0.05951456353068352,0.9960359930992126,0,0.020669000223279,0.18546700477600098,-0.0016629999736323953,1,0.9998340010643005,0.015977006405591965,0.008803005330264568,0,-0.01824100688099861,0.8726917505264282,0.48793140053749084,0,0.00011300589540041983,-0.48801037669181824,0.8728377819061279,0,-0.000015999999959603883,0.05055899918079376,0,1,0.9999529719352722,0.001236005686223507,0.00960000604391098,0,-0.0072730109095573425,0.7504357099533081,0.66090327501297,0,-0.00638699671253562,-0.6609423160552979,0.750409722328186,0,0.00007000000186963007,0.04644500091671944,0,1,0.989654004573822,0.07522600889205933,-0.12216900289058685,0,-0.056456949561834335,0.9870099425315857,0.1504124253988266,0,0.13189703226089478,-0.14195942878723145,0.9810459613800049,0,-0.019067000597715378,0.17634999752044678,-0.00033000000985339284,1,0.9999520182609558,0.009138007648289204,0.003464002627879381,0,-0.009684006683528423,0.8789217472076416,0.4768683910369873,0,0.0013130058068782091,-0.47687938809394836,0.8789677619934082,0,-0.00009300000237999484,0.052212998270988464,0,1,0.9997929930686951,0.016696004197001457,0.011603008024394512,0,-0.02033000811934471,0.8130927681922913,0.5817793607711792,0,0.0002790047146845609,-0.5818943381309509,0.8132637739181519,0,0.00002300000051036477,0.05178099870681763,0,1,0.9164239764213562,0.24345499277114868,-0.31764400005340576,0,-0.1713818460702896,0.9559649229049683,0.23824040591716766,0,0.361657053232193,-0.16389042139053345,0.9177928566932678,0,-0.0686660036444664,0.15241099894046783,-0.0018240000354126096,1,0.9999110102653503,0.011377005837857723,0.007011005189269781,0,-0.013249007053673267,0.7752116918563843,0.631562352180481,0,0.0017500058747828007,-0.6315993666648865,0.775292694568634,0,-0.00009600000339560211,0.06865199655294418,0,1,0.9999009966850281,0.01103400532156229,0.008714006282389164,0,-0.014059008099138737,0.7793037295341492,0.6264893412590027,0,0.00012200477067381144,-0.6265493631362915,0.7793816924095154,0,-0.000048000001697801054,0.054106999188661575,0,1,-0.891728937625885,-0.2623865008354187,0.3687458038330078,0,0.4127751886844635,-0.8056262135505676,0.4249502718448639,0,0.18557092547416687,0.5311493277549744,0.8267064094543457,0,0.23016299307346344,-0.14885400235652924,-0.03262300044298172,1,0.9650230407714844,-0.2580208480358124,0.046427879482507706,0,0.20856082439422607,0.6482720375061035,-0.7322880029678345,0,0.15884797275066376,0.7163569927215576,0.6794110536575317,0,0,1.2287869453430176,0,1,0.9841269254684448,-0.13357526063919067,0.11684494465589523,0,-0.08924894034862518,0.19657279551029205,0.9764190316200256,0,-0.1533942073583603,-0.971347987651825,0.18153077363967896,0,0,1.0921239852905273,0,1,0.9959679841995239,0.025839000940322876,-0.08590400218963623,0,0.01245800033211708,0.908499002456665,0.41770100593566895,0,0.08883699774742126,-0.41708698868751526,0.9045140147209167,0,0,0.3138349950313568,0,1,-0.892782986164093,0.2915339767932892,-0.3434330224990845,0,-0.42058682441711426,-0.8125324845314026,0.4036051332950592,0,-0.1613854318857193,0.5047751665115356,0.8480313420295715,0,-0.23016299307346344,-0.14885400235652924,-0.033107999712228775,1,0.9949229955673218,-0.007116802968084812,0.10039112716913223,0,0.08381495624780655,0.610782265663147,-0.7873508334159851,0,-0.05571325868368149,0.7917668223381042,0.6082772612571716,0,0,1.2288390398025513,0,1,0.9429080486297607,0.3330478370189667,-0.0018719792133197188,0,-0.00957097765058279,0.032713886350393295,0.9994189739227295,0,0.3329158425331116,-0.9423420429229736,0.0340338833630085,0,0,1.092283010482788,0,1,0.9967920184135437,-0.021984999999403954,0.07695399969816208,0,-0.01139300037175417,0.9127619862556458,0.4083330035209656,0,-0.07921800017356873,-0.40790000557899475,0.9095829725265503,0,0,0.32063600420951843,0,1
