4.300,30,129,65
B0,mixamorig_Hips,-1,0.5565101504325867,0.06524594128131866,0.8282586932182312,0,-0.08278211206197739,0.9963046908378601,-0.02286144159734249,0,-0.8266916871070862,-0.055835429579019547,0.5598557591438293,0,-0.028943445533514023,2.234877586364746,0.0007088208803907037,1
B1,mixamorig_Spine,0,0.998967170715332,-0.04496512562036514,-0.006511802785098553,0,0.04542408138513565,0.9914916157722473,0.12198483943939209,0,0.0009714256157167256,-0.12215497344732285,0.992510199546814,0,0,0.268328994512558,-0.018689999356865883,1
B2,mixamorig_Spine1,1,0.9956269264221191,-0.09282571077346802,-0.01045352965593338,0,0.09337487816810608,0.9857873916625977,0.1396595686674118,0,-0.002658494748175144,-0.14002536237239838,0.9901434779167175,0,0,0.31380900740623474,0,1
B3,mixamorig_Spine2,2,0.9956278800964355,-0.09281282871961594,-0.010490529239177704,0,0.09336687624454498,0.9857333898544312,0.14004656672477722,0,-0.002657494740560651,-0.14041341841220856,0.9900885820388794,0,0,0.3586390018463135,0,1
B4,mixamorig_Neck,3,0.8953428864479065,0.08498794585466385,-0.43718603253364563,0,-0.19261841475963593,0.9589626789093018,-0.2080463021993637,0,0.40156176686286926,0.27048444747924805,0.8749721050262451,0,0,0.4034680128097534,0,1
B5,mixamorig_Head,4,0.9040223956108093,-0.08262880891561508,-0.4194120466709137,0,0.06920593231916428,0.9964836239814758,-0.04714738950133324,0,0.4218358099460602,0.01360061950981617,0.9065690040588379,0,0,0.09983199834823608,0.028161000460386276,1
B6,mixamorig_HeadTop_End,5,1,0,0,0,0,1,0,0,0,0,1,0,0,0.7941700220108032,0.22402000427246094,1
B7,mixamorig_LeftShoulder,3,0.2028171420097351,-0.1082589402794838,-0.9732106924057007,0,0.96747225522995,-0.1312815248966217,0.21622537076473236,0,-0.15117430686950684,-0.9854143261909485,0.07810784131288528,0,0.1507209986448288,0.3509080111980438,-0.0033009999897331,1
B8,mixamorig_LeftArm,7,0.9052101969718933,-0.15364882349967957,0.3962000906467438,0,-0.07681923359632492,0.8577980399131775,0.5081872344017029,0,-0.4179571270942688,-0.4904584586620331,0.7646837830543518,0,0,0.32168400287628174,0,1
B9,mixamorig_LeftForeArm,8,0.3973962664604187,0.3959844410419464,-0.8278093338012695,0,-0.6768471002578735,0.7356299757957458,0.026962818577885628,0,0.6196387410163879,0.5495846271514893,0.5603572130203247,0,0,0.5558720231056213,0,1
B10,mixamorig_LeftHand,9,0.83585125207901,-0.02241566963493824,0.5484617948532104,0,0.16450998187065125,0.9634471535682678,-0.21135647594928741,0,-0.5236992239952087,0.26691514253616333,0.8089949488639832,0,0,0.7489020228385925,0,1
B11,mixamorig_LeftHandThumb1,10,0.8365620374679565,0.5048752427101135,-0.2127494364976883,0,-0.43437132239341736,0.8478645086288452,0.3040506839752197,0,0.3338906168937683,-0.161944180727005,0.9285961985588074,0,-0.04298200085759163,0.026657000184059143,0.007007000036537647,1
B12,mixamorig_LeftHandThumb2,11,0.9855729937553406,-0.06357112526893616,0.15686100721359253,0,0.05044512450695038,0.9949920177459717,0.08628900349140167,0,-0.16156005859375,-0.0771310031414032,0.983843982219696,0,-0.01272599957883358,0.03881499916315079,0,1
B13,mixamorig_LeftHandThumb3,12,0.9596340656280518,0.2808600068092346,-0.014806940220296383,0,-0.2811889350414276,0.9591959714889526,-0.029610062018036842,0,0.005885940510779619,0.032578058540821075,0.9994519948959351,0,-0.003298999974504113,0.06045899912714958,0,1
B14,mixamorig_LeftHandThumb4,13,1,0,0,0,0,1,0,0,0,0,1,0,0.01602499932050705,0.058823999017477036,0,1
B15,mixamorig_LeftHandIndex1,10,0.9651433229446411,0.1273486465215683,-0.2286415994167328,0,-0.17043811082839966,0.9688131213188171,-0.1798500269651413,0,0.19861046969890594,0.21255265176296234,0.9567511081695557,0,-0.06303700059652328,0.18167099356651306,0.0008590000215917826,1
B16,mixamorig_LeftHandIndex2,15,0.9996643662452698,-0.025919809937477112,0.000057556593674235046,0,0.022518178448081017,0.8695818781852722,0.493256539106369,0,-0.01283472403883934,-0.4930899441242218,0.8698737025260925,0,0.0006520000169984996,0.04845299944281578,0,1
B17,mixamorig_LeftHandIndex3,16,0.9996014833450317,-0.027487121522426605,-0.006404058542102575,0,0.02694004401564598,0.8616174459457397,0.5068163871765137,0,-0.008413816802203655,-0.5067862868309021,0.8620139956474304,0,-0.00002300000051036477,0.0435900017619133,0,1
B18,mixamorig_LeftHandIndex4,17,1,0,0,0,0,1,0,0,0,0,1,0,-0.0006290000164881349,0.03467100113630295,0,1
B19,mixamorig_LeftHandMiddle1,10,0.9829497337341309,0.1117454320192337,-0.14601552486419678,0,-0.11257119476795197,0.9936347603797913,0.0026176089886575937,0,0.14538371562957764,0.013865899294614792,0.9892748594284058,0,-0.02418299950659275,0.186367005109787,-0.0022879999596625566,1
B20,mixamorig_LeftHandMiddle2,19,0.9997004866600037,-0.023952877148985863,-0.004997416399419308,0,0.023442314937710762,0.8790534734725952,0.4761277735233307,0,-0.007012099027633667,-0.4761027693748474,0.8793519735336304,0,0.0004490000137593597,0.04813800007104874,0,1
B21,mixamorig_LeftHandMiddle3,20,0.9995450973510742,-0.024137455970048904,-0.01808558963239193,0,0.03004157543182373,0.7433398365974426,0.668204128742218,0,-0.00268626119941473,-0.6684432625770569,0.7437270879745483,0,0.00006199999916134402,0.04778999835252762,0,1
B22,mixamorig_LeftHandMiddle4,21,1,0,0,0,0,1,0,0,0,0,1,0,-0.0005099999834783375,0.04010099917650223,0,1
B23,mixamorig_LeftHandRing1,10,0.9931566715240479,0.04662554711103439,-0.10706450790166855,0,-0.018359296023845673,0.9677659869194031,0.2511499524116516,0,0.11532947421073914,-0.2474658340215683,0.962000846862793,0,0.02308100089430809,0.17782899737358093,-0.0015879999846220016,1
B24,mixamorig_LeftHandRing2,23,0.9997645616531372,-0.021226070821285248,-0.004517098888754845,0,0.020738523453474045,0.8731173872947693,0.4870409667491913,0,-0.006394549272954464,-0.4870191514492035,0.8733518123626709,0,0.00025400001322850585,0.052942998707294464,0,1
B25,mixamorig_LeftHandRing3,24,0.9997117519378662,-0.02099611610174179,-0.011652205139398575,0,0.023526305332779884,0.7592132091522217,0.6503801941871643,0,-0.004810087848454714,-0.6504668593406677,0.7594884037971497,0,-0.00019799999427050352,0.05130099877715111,0,1
B26,mixamorig_LeftHandRing4,25,1,0,0,0,0,1,0,0,0,0,1,0,-0.000056000000768108293,0.0424249991774559,0,1
B27,mixamorig_LeftHandPinky1,10,0.995803713798523,-0.027365311980247498,0.08728936314582825,0,0.006326682399958372,0.9725348949432373,0.23264317214488983,0,-0.0912538468837738,-0.23111888766288757,0.9686290621757507,0,0.0641390010714531,0.15502600371837616,-0.0009800000116229057,1
B28,mixamorig_LeftHandPinky2,27,0.9997316598892212,-0.02160114049911499,-0.008315220475196838,0,0.021152116358280182,0.7067409157752991,0.7071225643157959,0,-0.009399006143212318,-0.7071095705032349,0.7070083022117615,0,0.0004299999854993075,0.06326399743556976,0,1
B29,mixamorig_LeftHandPinky3,28,0.9996808171272278,-0.02108112722635269,-0.013940229080617428,0,0.024782663211226463,0.7095409035682678,0.7041956186294556,0,-0.004954848438501358,-0.704316258430481,0.7098362445831299,0,0.00001700000029813964,0.05552399903535843,0,1
B30,mixamorig_LeftHandPinky4,29,1,0,0,0,0,1,0,0,0,0,1,0,-0.000446999998530373,0.04917600005865097,0,1
B31,mixamorig_RightShoulder,3,0.16775953769683838,0.10043659806251526,0.9806979298591614,0,-0.9756261110305786,-0.12582363188266754,0.17977887392044067,0,0.1414511501789093,-0.9869546294212341,0.07688135653734207,0,-0.1507209986448288,0.350957989692688,-0.004017999861389399,1
B32,mixamorig_RightArm,31,0.6057677268981934,0.456800252199173,-0.6513969302177429,0,0.00538164097815752,0.8163858652114868,0.5774698257446289,0,0.7955854535102844,-0.35330572724342346,0.49208736419677734,0,0,0.32168400287628174,0,1
B33,mixamorig_RightForeArm,32,-0.2970397472381592,-0.6748061180114746,0.6755543351173401,0,0.9424991607666016,-0.3206467032432556,0.09415643662214279,0,0.15307505428791046,0.6646794676780701,0.7312470078468323,0,0,0.556318998336792,0,1
B34,mixamorig_RightHand,33,0.43639764189720154,-0.12917214632034302,-0.8904297351837158,0,-0.14032839238643646,0.9675993323326111,-0.2091352790594101,0,0.8886186480522156,0.21621333062648773,0.4040954113006592,0,0,0.7471219897270203,0,1
B35,mixamorig_RightHandThumb1,34,0.8272563815116882,-0.5045651197433472,0.24710406363010406,0,0.45330575108528137,0.8592743277549744,0.23698408901691437,0,-0.3319036364555359,-0.08403341472148895,0.9395624995231628,0,0.044082000851631165,0.02597999945282936,0.00945299956947565,1
B36,mixamorig_RightHandThumb2,35,0.9839739799499512,-0.09197917580604553,-0.15275993943214417,0,0.10400599986314774,0.991917073726654,0.07268591970205307,0,0.14484000205993652,-0.08740892261266708,0.9855870604515076,0,0.01158399973064661,0.03998300060629845,0,1
B37,mixamorig_RightHandThumb3,36,0.971341073513031,0.23759882152080536,0.006573239341378212,0,-0.23630769550800323,0.9683009386062622,-0.08095026016235352,0,-0.02559847943484783,0.07707714289426804,0.9966968894004822,0,-0.004923999775201082,0.05985800176858902,0,1
B38,mixamorig_RightHandThumb4,37,1,0,0,0,0,1,0,0,0,0,1,0,-0.006659999955445528,0.05996600165963173,0,1
B39,mixamorig_RightHandIndex1,34,0.8937770128250122,-0.301185667514801,0.33233869075775146,0,0.37178459763526917,0.9119862914085388,-0.17336295545101166,0,-0.2508727014064789,0.27850598096847534,0.9270886778831482,0,0.06706500053405762,0.18151600658893585,0.000015999999959603883,1
B40,mixamorig_RightHandIndex2,39,0.9999369978904724,0.011159239336848259,-0.0013319756835699081,0,-0.010209341533482075,0.951508104801178,0.3074552118778229,0,0.004698514472693205,-0.3074221611022949,0.9515620470046997,0,-0.00009899999713525176,0.0483970008790493,0,1
B41,mixamorig_RightHandIndex3,40,0.9999279975891113,0.011974095366895199,0.00036214408464729786,0,-0.01114425715059042,0.9187049865722656,0.3947870135307312,0,0.004394514486193657,-0.39476293325424194,0.9187729954719543,0,0.00002300000051036477,0.044769998639822006,0,1
B42,mixamorig_RightHandIndex4,41,1,0,0,0,0,1,0,0,0,0,1,0,0.00007599999662488699,0.03627999871969223,0,1
B43,mixamorig_RightHandMiddle1,34,0.9850369691848755,-0.15473422408103943,0.07588809728622437,0,0.16232489049434662,0.9809288382530212,-0.10689368844032288,0,-0.057900410145521164,0.11761202663183212,0.9913682341575623,0,0.020669000223279,0.18546700477600098,-0.0016629999736323953,1
B44,mixamorig_RightHandMiddle2,43,0.999847948551178,0.015391496941447258,0.008215394802391529,0,-0.017441455274820328,0.8929750323295593,0.4497683644294739,0,-0.00041335917194373906,-0.4498433768749237,0.8931071162223816,0,-0.000015999999959603883,0.05055899918079376,0,1
B45,mixamorig_RightHandMiddle3,44,0.9999579787254333,0.0006828802870586514,0.009133059531450272,0,-0.006283880211412907,0.7766770124435425,0.6298679709434509,0,-0.00666311988607049,-0.6298990249633789,0.776648998260498,0,0.00007000000186963007,0.04644500091671944,0,1
B46,mixamorig_RightHandMiddle4,45,1,0,0,0,0,1,0,0,0,0,1,0,-0.000052999999752501026,0.0369269996881485,0,1
B47,mixamorig_RightHandRing1,34,0.9896185398101807,0.07103484123945236,-0.12493689358234406,0,-0.059475839138031006,0.9937977194786072,0.09394287317991257,0,0.13083569705486298,-0.08553685992956161,0.9877054691314697,0,-0.019067000597715378,0.17634999752044678,-0.00033000000985339284,1
B48,mixamorig_RightHandRing2,47,0.9999600052833557,0.008323412388563156,0.0032181376591324806,0,-0.00889547262340784,0.9011726975440979,0.43336790800094604,0,0.0007072751177474856,-0.4333789050579071,0.9012107253074646,0,-0.00009300000237999484,0.052212998270988464,0,1
B49,mixamorig_RightHandRing3,48,0.9998108744621277,0.016242515295743942,0.010716472752392292,0,-0.019457131624221802,0.8419187068939209,0.5392526388168335,0,-0.0002633479016367346,-0.5393596887588501,0.8420748114585876,0,0.00002300000051036477,0.05178099870681763,0,1
B50,mixamorig_RightHandRing4,49,1,0,0,0,0,1,0,0,0,0,1,0,0.00007000000186963007,0.04593599960207939,0,1
B51,mixamorig_RightHandPinky1,34,0.9166119694709778,0.2427860051393509,-0.31761306524276733,0,-0.18532200157642365,0.9619989991188049,0.200532004237175,0,0.35422998666763306,-0.12494900077581406,0.9267730116844177,0,-0.0686660036444664,0.15241099894046783,-0.0018240000354126096,1
B52,mixamorig_RightHandPinky2,51,0.9999209642410278,0.010773437097668648,0.006479754112660885,0,-0.012506813742220402,0.8002469539642334,0.5995399951934814,0,0.001272742752917111,-0.599574089050293,0.8003180027008057,0,-0.00009600000339560211,0.06865199655294418,0,1
B53,mixamorig_RightHandPinky3,52,0.9999139308929443,0.010434335097670555,0.007954328320920467,0,-0.013116149231791496,0.8101550340652466,0.5860674381256104,0,-0.0003286407154519111,-0.5861214995384216,0.8102220892906189,0,-0.000048000001697801054,0.054106999188661575,0,1
B54,mixamorig_RightHandPinky4,53,1,0,0,0,0,1,0,0,0,0,1,0,0.00014400000509340316,0.04647200182080269,0,1
B55,mixamorig_LeftUpLeg,0,-0.8911299705505371,-0.25057291984558105,0.37828347086906433,0,0.4270094633102417,-0.7449604868888855,0.5124755501747131,0,0.15340346097946167,0.6182175874710083,0.7708498239517212,0,0.23016299307346344,-0.14885400235652924,-0.03262300044298172,1
B56,mixamorig_LeftLeg,55,0.9542096257209778,-0.2960388660430908,0.0428418405354023,0,0.20837220549583435,0.5552070140838623,-0.8050938844680786,0,0.2145785242319107,0.7771498560905457,0.5914782285690308,0,0,1.2287869453430176,0,1
B57,mixamorig_LeftFoot,56,0.9859453439712524,-0.1204330176115036,0.1157941073179245,0,-0.0962529182434082,0.15703313052654266,0.9828816056251526,0,-0.13655588030815125,-0.9802126884460449,0.14323383569717407,0,0,1.0921239852905273,0,1
B58,mixamorig_LeftToeBase,57,0.9959474205970764,0.02587483823299408,-0.08613533526659012,0,0.012395929545164108,0.9090871214866638,0.4164210855960846,0,0.08908015489578247,-0.41580167412757874,0.9050816297531128,0,0,0.3138349950313568,0,1
B59,mixamorig_LeftToe_End,58,1,0,0,0,0,1,0,0,0,0,1,0,0,0.12210000306367874,0,1
B60,mixamorig_RightUpLeg,0,-0.8872542381286621,0.2997779846191406,-0.3505340814590454,0,-0.44388583302497864,-0.761323094367981,0.47254934906959534,0,-0.1252007782459259,0.5748549103736877,0.8085776567459106,0,-0.23016299307346344,-0.14885400235652924,-0.033107999712228775,1
B61,mixamorig_RightLeg,60,0.9936067461967468,0.026988787576556206,0.10883156210184097,0,0.08242236822843552,0.4846298396587372,-0.8706679940223694,0,-0.07624925673007965,0.8740686774253845,0.4793109893798828,0,0,1.2288390398025513,0,1
B62,mixamorig_RightFoot,61,0.9425556659698486,0.33401551842689514,0.004654835443943739,0,-0.003508877707645297,-0.004029600415378809,0.9999711513519287,0,0.33403030037879944,-0.9425431489944458,-0.002625753404572606,0,0,1.092283010482788,0,1
B63,mixamorig_RightToeBase,62,0.9965487122535706,-0.027743730694055557,0.07822387665510178,0,-0.01237535197287798,0.8823105096817017,0.4704306423664093,0,-0.08207270503044128,-0.46977484226226807,0.8789220452308655,0,0,0.32063600420951843,0,1
B64,mixamorig_RightToe_End,63,1,0,0,0,0,1,0,0,0,0,1,0,0,0.12245699763298035,0,1
@52,0,1,2,3,4,5,7,8,9,10,11,12,13,15,16,17,19,20,21,23,24,25,27,28,29,31,32,33,34,35,36,37,39,40,41,43,44,45,47,48,49,51,52,53,55,56,57,58,60,61,62,63
K0.000,0.5223780274391174,0.06819699704647064,0.8499829769134521,0,-0.059363000094890594,0.9972869753837585,-0.043533001095056534,0,-0.8506450057029724,-0.027716999873518944,0.5250089764595032,0,-0.02796499989926815,2.306212902069092,0.019770000129938126,1,0.9988840222358704,-0.045736998319625854,-0.0117790000513196,0,0.046852998435497284,0.9910359978675842,0.12511199712753296,0,0.005950999911874533,-0.12552399933338165,0.9920729994773865,0,0,0.268328994512558,-0.018689999356865883,1,0.9952399730682373,-0.09506600350141525,-0.021428000181913376,0,0.09718000143766403,0.9845569729804993,0.14561299979686737,0,0.007253999821841717,-0.14700199663639069,0.989109992980957,0,0,0.31380900740623474,0,1,0.9952409863471985,-0.09504900127649307,-0.021466000005602837,0,0.09717199951410294,0.9845010042190552,0.1459989994764328,0,0.0072559998370707035,-0.1473899930715561,0.9890519976615906,0,0,0.3586390018463135,0,1,0.8858389854431152,0.07416599988937378,-0.4580270051956177,0,-0.189301997423172,0.9590190052986145,-0.21082699298858643,0,0.42361998558044434,0.27346399426460266,0.8635759949684143,0,0,0.4034680128097534,0,1,0.9014269709587097,-0.05818000063300133,-0.4290040135383606,0,0.05053900182247162,0.9982950091362,-0.029193000867962837,0,0.42997199296951294,0.004633000120520592,0.9028310179710388,0,0,0.09983199834823608,0.028161000460386276,1,0.19151100516319275,-0.11057700216770172,-0.975242018699646,0,0.9706270098686218,-0.1260879933834076,0.20490099489688873,0,-0.14562399685382843,-0.9858369827270508,0.08318199962377548,0,0.1507209986448288,0.3509080111980438,-0.0033009999897331,1,0.9151610136032104,-0.16930100321769714,0.36581000685691833,0,-0.06893199682235718,0.8284180164337158,0.555853009223938,0,-0.3971500098705292,-0.5339109897613525,0.7464659810066223,0,0,0.32168400287628174,0,1,0.4107950031757355,0.4225429892539978,-0.8079010248184204,0,-0.683309018611908,0.7293369770050049,0.03401000052690506,0,0.6036030054092407,0.5380749702453613,0.5883349776268005,0,0,0.5558720231056213,0,1,0.8495910167694092,-0.02166599966585636,0.5269970297813416,0,0.1553020030260086,0.9651380181312561,-0.2106889933347702,0,-0.5040609836578369,0.2608430087566376,0.8233370184898376,0,0,0.7489020228385925,0,1,0.8601120114326477,0.46327099204063416,-0.21351300179958344,0,-0.4062950015068054,0.8752589821815491,0.2623870074748993,0,0.30843499302864075,-0.138933002948761,0.9410449862480164,0,-0.04298200085759163,0.026657000184059143,0.007007000036537647,1,0.9855719804763794,-0.06357800215482712,0.15686100721359253,0,0.05045299977064133,0.9949920177459717,0.08628900349140167,0,-0.1615609973669052,-0.07712999731302261,0.983843982219696,0,-0.01272599957883358,0.03881499916315079,0,1,0.9596350193023682,0.2808609902858734,-0.014781000092625618,0,-0.2811889946460724,0.9591950178146362,-0.029624000191688538,0,0.00585799990221858,0.03258400037884712,0.9994519948959351,0,-0.003298999974504113,0.06045899912714958,0,1,0.9597160220146179,0.15633299946784973,-0.23346500098705292,0,-0.20151899755001068,0.9620059728622437,-0.18421199917793274,0,0.19579599797725677,0.22383899986743927,0.9547569751739502,0,-0.06303700059652328,0.18167099356651306,0.0008590000215917826,1,0.99965500831604,-0.026278000324964523,-0.00013899999612476677,0,0.022571999579668045,0.8559679985046387,0.5165359973907471,0,-0.013454999774694443,-0.5163609981536865,0.8562650084495544,0,0.0006520000169984996,0.04845299944281578,0,1,0.9995909929275513,-0.027691999450325966,-0.007087999954819679,0,0.027202000841498375,0.8453050255775452,0.5335909724235535,0,-0.00878399983048439,-0.5335649847984314,0.8457130193710327,0,-0.00002300000051036477,0.0435900017619133,0,1,0.9791259765625,0.13926300406455994,-0.148048996925354,0,-0.13996900618076324,0.9901400208473206,0.005688999779522419,0,0.1473820060491562,0.01515199989080429,0.9889640212059021,0,-0.02418299950659275,0.186367005109787,-0.0022879999596625566,1,0.999688982963562,-0.02436400018632412,-0.005229000002145767,0,0.023729000240564346,0.866690993309021,0.49828100204467773,0,-0.007608000189065933,-0.4982509911060333,0.8669999837875366,0,0.0004490000137593597,0.04813800007104874,0,1,0.999517023563385,-0.024274999275803566,-0.019386999309062958,0,0.030911000445485115,0.7147079706192017,0.6987400054931641,0,-0.0031059999018907547,-0.6990020275115967,0.7151129841804504,0,0.00006199999916134402,0.04778999835252762,0,1,0.9918100237846375,0.07365600019693375,-0.10434400290250778,0,-0.044321998953819275,0.9646779894828796,0.2596760094165802,0,0.11978500336408615,-0.25292399525642395,0.9600419998168945,0,0.02308100089430809,0.17782899737358093,-0.0015879999846220016,1,0.9997569918632507,-0.021542999893426895,-0.004732999950647354,0,0.02100900001823902,0.8647540211677551,0.5017549991607666,0,-0.0067170001566410065,-0.5017330050468445,0.8649970293045044,0,0.00025400001322850585,0.052942998707294464,0,1,0.9996979832649231,-0.021259000524878502,-0.01233499962836504,0,0.02404100075364113,0.7414659857749939,0.6705600023269653,0,-0.005109000019729137,-0.6706539988517761,0.7417529821395874,0,-0.00019799999427050352,0.05130099877715111,0,1,0.9947900176048279,-0.0024079999420791864,0.10191699862480164,0,-0.021991999819874763,0.9711120128631592,0.23760899901390076,0,-0.09954500198364258,-0.23861299455165863,0.9659990072250366,0,0.0641390010714531,0.15502600371837616,-0.0009800000116229057,1,0.9997169971466064,-0.02201700024306774,-0.008957000449299812,0,0.02163800038397312,0.6871039867401123,0.7262369990348816,0,-0.009835000149905682,-0.7262259721755981,0.6873859763145447,0,0.0004299999854993075,0.06326399743556976,0,1,0.9996669888496399,-0.021275000646710396,-0.014588999561965466,0,0.025248000398278236,0.6908919811248779,0.7225170135498047,0,-0.0052919997833669186,-0.7226449847221375,0.691199004650116,0,0.00001700000029813964,0.05552399903535843,0,1,0.1744309961795807,0.09943100064992905,0.979636013507843,0,-0.9774990081787109,-0.10236299782991409,0.1844400018453598,0,0.1186169981956482,-0.9897649884223938,0.07933799922466278,0,-0.1507209986448288,0.350957989692688,-0.004017999861389399,1,0.6675869822502136,0.4356899857521057,-0.6037399768829346,0,-0.0015709999715909362,0.8117210268974304,0.584043025970459,0,0.7445300221443176,-0.38895100355148315,0.5425789952278137,0,0,0.32168400287628174,0,1,-0.2886210083961487,-0.6683260202407837,0.6855940222740173,0,0.9376950263977051,-0.3419969975948334,0.06136799976229668,0,0.1934570074081421,0.6605899930000305,0.7253929972648621,0,0,0.556318998336792,0,1,0.4346889853477478,-0.10879799723625183,-0.8939849734306335,0,-0.09324000030755997,0.9819039702415466,-0.16483399271965027,0,0.8957409858703613,0.155007004737854,0.4166789948940277,0,0,0.7471219897270203,0,1,0.8289459943771362,-0.5014479756355286,0.2477860003709793,0,0.45045599341392517,0.8611230254173279,0.23570600152015686,0,-0.33156898617744446,-0.08376999944448471,0.9397050142288208,0,0.044082000851631165,0.02597999945282936,0.00945299956947565,1,0.9839730262756348,-0.09198600053787231,-0.15275800228118896,0,0.10400599986314774,0.991919994354248,0.07264400273561478,0,0.1448410004377365,-0.08736799657344818,0.9855899810791016,0,0.01158399973064661,0.03998300060629845,0,1,0.9713429808616638,0.2375900000333786,0.006579999811947346,0,-0.23629699647426605,0.9682989716529846,-0.08100000023841858,0,-0.025615999475121498,0.07712399959564209,0.9966920018196106,0,-0.004923999775201082,0.05985800176858902,0,1,0.8966580033302307,-0.2966200113296509,0.32866498827934265,0,0.3623569905757904,0.9182239770889282,-0.15987999737262726,0,-0.254364013671875,0.26245200634002686,0.9308159947395325,0,0.06706500053405762,0.18151600658893585,0.000015999999959603883,1,0.9999369978904724,0.011177999898791313,-0.0013680000556632876,0,-0.010205999948084354,0.9508299827575684,0.30954399704933167,0,0.0047610001638531685,-0.3095099925994873,0.9508839845657349,0,-0.00009899999713525176,0.0483970008790493,0,1,0.9999279975891113,0.012020000256597996,0.00031800000579096377,0,-0.01116899959743023,0.9187049865722656,0.3947870135307312,0,0.004453000146895647,-0.3947620093822479,0.9187729954719543,0,0.00002300000051036477,0.044769998639822006,0,1,0.9853529930114746,-0.15306100249290466,0.0751819983124733,0,0.159510999917984,0.9831809997558594,-0.08895199745893478,0,-0.0603020004928112,0.09964100271463394,0.9931939840316772,0,0.020669000223279,0.18546700477600098,-0.0016629999736323953,1,0.9998469948768616,0.015437999740242958,0.008271999657154083,0,-0.017510000616312027,0.8918139934539795,0.45206400752067566,0,-0.0003980000037699938,-0.4521389901638031,0.8919469714164734,0,-0.000015999999959603883,0.05055899918079376,0,1,0.9999579787254333,0.0006880000000819564,0.00912300031632185,0,-0.006281000096350908,0.7766770124435425,0.6298679709434509,0,-0.006651999894529581,-0.6298990249633789,0.776648998260498,0,0.00007000000186963007,0.04644500091671944,0,1,0.9897559881210327,0.07440999895334244,-0.12184400111436844,0,-0.06099800020456314,0.9920219779014587,0.11032699793577194,0,0.12908099591732025,-0.10176499933004379,0.9863989949226379,0,-0.019067000597715378,0.17634999752044678,-0.00033000000985339284,1,0.9999589920043945,0.008457999676465988,0.003249000059440732,0,-0.00902399979531765,0.8975809812545776,0.4407559931278229,0,0.0008110000053420663,-0.4407680034637451,0.8976209759712219,0,-0.00009300000237999484,0.052212998270988464,0,1,0.9998080134391785,0.01633100025355816,0.010858000256121159,0,-0.019610999152064323,0.8360790014266968,0.5482580065727234,0,-0.00012399999832268804,-0.5483649969100952,0.8362389802932739,0,0.00002300000051036477,0.05178099870681763,0,1,0.9166120290756226,0.2427850067615509,-0.31761398911476135,0,-0.18532100319862366,0.9620000123977661,0.200532004237175,0,0.35422998666763306,-0.12494900077581406,0.9267730116844177,0,-0.0686660036444664,0.15241099894046783,-0.0018240000354126096,1,0.9999200105667114,0.010804999619722366,0.006546999793499708,0,-0.0125730000436306,0.8002470135688782,0.5995389819145203,0,0.0012390000047162175,-0.5995740294456482,0.8003190159797668,0,-0.00009600000339560211,0.06865199655294418,0,1,0.9999110102653503,0.010532000102102757,0.008136999793350697,0,-0.013306000269949436,0.8041290044784546,0.5943059921264648,0,-0.0002840000088326633,-0.5943610072135925,0.8041980266571045,0,-0.000048000001697801054,0.054106999188661575,0,1,-0.8922920227050781,-0.2540209889411926,0.373212993144989,0,0.4074249863624573,-0.8092010021209717,0.4233179986476898,0,0.19447200000286102,0.5297799706459045,0.8255389928817749,0,0.23016299307346344,-0.14885400235652924,-0.03262300044298172,1,0.9625359773635864,-0.2674350142478943,0.044762998819351196,0,0.21414799988269806,0.6484820246696472,-0.7304869890213013,0,0.1663299947977066,0.7127050161361694,0.6814579963684082,0,0,1.2287869453430176,0,1,0.9853730201721191,-0.12262199819087982,0.11834000051021576,0,-0.09254399687051773,0.19806000590324402,0.9758110046386719,0,-0.143094003200531,-0.9724900126457214,0.18381500244140625,0,0,1.0921239852905273,0,1,0.9959679841995239,0.025837000459432602,-0.08590500056743622,0,0.01245999988168478,0.908499002456665,0.41770100593566895,0,0.08883699774742126,-0.41708800196647644,0.9045140147209167,0,0,0.3138349950313568,0,1,-0.8828290104866028,0.2996029853820801,-0.36173298954963684,0,-0.4366709887981415,-0.8072100281715393,0.39715299010276794,0,-0.17300699651241302,0.508575975894928,0.843455970287323,0,-0.23016299307346344,-0.14885400235652924,-0.033107999712228775,1,0.9938949942588806,0.007501999847590923,0.1100739985704422,0,0.08205100148916245,0.6167160272598267,-0.7828980088233948,0,-0.07375799864530563,0.7871500253677368,0.6123350262641907,0,0,1.2288390398025513,0,1,0.9441800117492676,0.32940900325775146,-0.0038189999759197235,0,-0.009618000127375126,0.03915200009942055,0.9991869926452637,0,0.3292900025844574,-0.9433749914169312,0.04013499990105629,0,0,1.092283010482788,0,1,0.9967920184135437,-0.02198600023984909,0.07695399969816208,0,-0.011390999890863895,0.9127619862556458,0.4083330035209656,0,-0.07921800017356873,-0.40789899230003357,0.9095839858055115,0,0,0.32063600420951843,0,1
K0.033,0.5273891091346741,0.065730981528759,0.847076952457428,0,-0.06646709144115448,0.9971389770507812,-0.035993918776512146,0,-0.8470199108123779,-0.037320107221603394,0.5302491188049316,0,-0.028291000053286552,2.295731782913208,0.01715092733502388,1,0.998898983001709,-0.045604996383190155,-0.010966980829834938,0,0.046616993844509125,0.9911180138587952,0.12454398721456528,0,0.005189981777220964,-0.12491798400878906,0.992152988910675,0,0,0.268328994512558,-0.018689999356865883,1,0.9953280091285706,-0.09451398998498917,-0.019724959507584572,0,0.09637798368930817,0.9847959876060486,0.14452797174453735,0,0.005764963570982218,-0.14575296640396118,0.9893040060997009,0,0,0.31380900740623474,0,1,0.9953290224075317,-0.09449799358844757,-0.01976395957171917,0,0.09636998176574707,0.9847400188446045,0.1449129730463028,0,0.0057679638266563416,-0.1461409628391266,0.9892470240592957,0,0,0.3586390018463135,0,1,0.8873260617256165,0.07648704200983047,-0.45475590229034424,0,-0.19086502492427826,0.9586309790611267,-0.21118199825286865,0,0.4197899103164673,0.274183988571167,0.865216076374054,0,0,0.4034680128097534,0,1,0.9018399715423584,-0.06152808666229248,-0.4276679754257202,0,0.052906062453985214,0.9980859756469727,-0.03202906623482704,0,0.4288199841976166,0.006259036250412464,0.9033679962158203,0,0,0.09983199834823608,0.028161000460386276,1,0.1934090256690979,-0.10674700140953064,-0.9752939939498901,0,0.970221996307373,-0.12693101167678833,0.20629602670669556,0,-0.14581601321697235,-0.9861509799957275,0.0790179893374443,0,0.1507209986448288,0.3509080111980438,-0.0033009999897331,1,0.9136109352111816,-0.16708694398403168,0.3706711232662201,0,-0.07023502886295319,0.8330991268157959,0.5486468076705933,0,-0.4004770815372467,-0.5272838473320007,0.7493930459022522,0,0,0.32168400287628174,0,1,0.4087909460067749,0.41789788007736206,-0.8113270401954651,0,-0.6822010278701782,0.7304419875144958,0.03250496834516525,0,0.6062100529670715,0.5402000546455383,0.5836888551712036,0,0,0.5558720231056213,0,1,0.8482809662818909,-0.019820980727672577,0.5291760563850403,0,0.1557290256023407,0.9644479751586914,-0.21351303160190582,0,-0.5061310529708862,0.2635270357131958,0.8212099671363831,0,0,0.7489020228385925,0,1,0.8552609086036682,0.47204717993736267,-0.21377600729465485,0,-0.41227611899375916,0.8697688579559326,0.2711641788482666,0,0.31393811106681824,-0.1437821090221405,0.9384929537773132,0,-0.04298200085759163,0.026657000184059143,0.007007000036537647,1,0.9855719804763794,-0.06357400119304657,0.15686100721359253,0,0.05044800043106079,0.9949920177459717,0.08628900349140167,0,-0.1615609973669052,-0.0771310031414032,0.983843982219696,0,-0.01272599957883358,0.03881499916315079,0,1,0.9596350193023682,0.2808600068092346,-0.014806999824941158,0,-0.2811880111694336,0.9591959714889526,-0.029611000791192055,0,0.005886000115424395,0.032579999417066574,0.9994519948959351,0,-0.003298999974504113,0.06045899912714958,0,1,0.9606710076332092,0.15108488500118256,-0.23299098014831543,0,-0.19581188261508942,0.9634940028190613,-0.1825859695672989,0,0.19690001010894775,0.2210269421339035,0.9551849961280823,0,-0.06303700059652328,0.18167099356651306,0.0008590000215917826,1,0.9996529817581177,-0.026349999010562897,0.000013000179933442269,0,0.022599000483751297,0.857602059841156,0.5138169527053833,0,-0.013549997471272945,-0.5136389136314392,0.857900083065033,0,0.0006520000169984996,0.04845299944281578,0,1,0.9995930194854736,-0.0276699997484684,-0.00697599770501256,0,0.027154000476002693,0.847169041633606,0.5306289196014404,0,-0.008771998807787895,-0.5306029319763184,0.8475750684738159,0,-0.00002300000051036477,0.0435900017619133,0,1,0.9798499941825867,0.13442689180374146,-0.1477310061454773,0,-0.13496088981628418,0.9908300042152405,0.006447002291679382,0,0.14724299311637878,0.013620980083942413,0.9890069961547852,0,-0.02418299950659275,0.186367005109787,-0.0022879999596625566,1,0.9996899962425232,-0.02431599795818329,-0.005355998408049345,0,0.023771997541189194,0.8681190609931946,0.4957859516143799,0,-0.0074059986509382725,-0.49575895071029663,0.8684280514717102,0,0.0004490000137593597,0.04813800007104874,0,1,0.9995239973068237,-0.02420699968934059,-0.019131995737552643,0,0.030698997899889946,0.7180191278457642,0.6953468918800354,0,-0.0030949986539781094,-0.6956028938293457,0.718420147895813,0,0.00006199999916134402,0.04778999835252762,0,1,0.9921200275421143,0.06890089809894562,-0.10464800894260406,0,-0.03960689529776573,0.9648569822311401,0.2597729563713074,0,0.11886897683143616,-0.2535809874534607,0.9599829912185669,0,0.02308100089430809,0.17782899737358093,-0.0015879999846220016,1,0.9997609853744507,-0.021358000114560127,-0.00473699951544404,0,0.02085600048303604,0.8651170134544373,0.5011359453201294,0,-0.006604999303817749,-0.5011149644851685,0.8653560280799866,0,0.00025400001322850585,0.052942998707294464,0,1,0.999701976776123,-0.02115599997341633,-0.012204998172819614,0,0.023886999115347862,0.7426780462265015,0.6692229509353638,0,-0.005093999672681093,-0.6693149209022522,0.7429620623588562,0,-0.00019799999427050352,0.05130099877715111,0,1,0.9949359893798828,-0.006922100204974413,0.1002669557929039,0,-0.0172358900308609,0.9710950255393982,0.23806899785995483,0,-0.09901697933673859,-0.2385919839143753,0.9660590291023254,0,0.0641390010714531,0.15502600371837616,-0.0009800000116229057,1,0.9997239708900452,-0.02179500088095665,-0.008723999373614788,0,0.02133600041270256,0.6884910464286804,0.7249309420585632,0,-0.009792999364435673,-0.724916934967041,0.6887660622596741,0,0.0004299999854993075,0.06326399743556976,0,1,0.9996709823608398,-0.021122999489307404,-0.014527997933328152,0,0.025107000023126602,0.692111074924469,0.7213539481163025,0,-0.005181998945772648,-0.7214819192886353,0.6924140453338623,0,0.00001700000029813964,0.05552399903535843,0,1,0.1733589768409729,0.09817000478506088,0.9799540042877197,0,-0.977196991443634,-0.10672608762979507,0.1835629791021347,0,0.12260708957910538,-0.9894300103187561,0.07742999494075775,0,-0.1507209986448288,0.350957989692688,-0.004017999861389399,1,0.6585967540740967,0.4376060664653778,-0.6121681928634644,0,-0.0001859719050116837,0.8136130571365356,0.5814069509506226,0,0.7524961829185486,-0.38279885053634644,0.5359247922897339,0,0,0.32168400287628174,0,1,-0.28965702652931213,-0.6678799986839294,0.685591995716095,0,0.9384549856185913,-0.3389849066734314,0.06626211851835251,0,0.18814986944198608,0.6625900864601135,0.7249640226364136,0,0,0.556318998336792,0,1,0.43506601452827454,-0.11173707246780396,-0.893438994884491,0,-0.0959281250834465,0.9808699488639832,-0.16938413679599762,0,0.8952739834785461,0.15939916670322418,0.41602396965026855,0,0,0.7471219897270203,0,1,0.8284969925880432,-0.5022810101509094,0.24760299921035767,0,0.45121800899505615,0.860630989074707,0.23604600131511688,0,-0.33165600895881653,-0.08383999764919281,0.9396679997444153,0,0.044082000851631165,0.02597999945282936,0.00945299956947565,1,0.9839739799499512,-0.09198199957609177,-0.15275900065898895,0,0.10400699824094772,0.9919180274009705,0.07267200201749802,0,0.14484000205993652,-0.08739600330591202,0.985588014125824,0,0.01158399973064661,0.03998300060629845,0,1,0.9713429808616638,0.23759199678897858,0.006577999796718359,0,-0.23629899322986603,0.9682989716529846,-0.08098799735307693,0,-0.0256120003759861,0.07711300253868103,0.9966930150985718,0,-0.004923999775201082,0.05985800176858902,0,1,0.8958560228347778,-0.29783302545547485,0.329755038022995,0,0.3648940622806549,0.9165869355201721,-0.16346405446529388,0,-0.2535639703273773,0.26676610112190247,0.9298070073127747,0,0.06706500053405762,0.18151600658893585,0.000015999999959603883,1,0.9999359846115112,0.011208999902009964,-0.0012210005661472678,0,-0.010282999835908413,0.95100998878479,0.3089889883995056,0,0.004625000525265932,-0.3089570105075836,0.9510650038719177,0,-0.00009899999713525176,0.0483970008790493,0,1,0.9999290108680725,0.0118780005723238,0.0004259996931068599,0,-0.011082000099122524,0.9187059998512268,0.3947870135307312,0,0.00429800059646368,-0.3947640061378479,0.9187719821929932,0,0.00002300000051036477,0.044769998639822006,0,1,0.9852690100669861,-0.15350601077079773,0.07536599785089493,0,0.16026201844215393,0.9826149940490723,-0.09372609108686447,0,-0.05966798961162567,0.10442408919334412,0.9927409887313843,0,0.020669000223279,0.18546700477600098,-0.0016629999736323953,1,0.9998490214347839,0.015379000455141068,0.00812899973243475,0,-0.017392000183463097,0.8921200037002563,0.4514630138874054,0,-0.0003090005775447935,-0.45153599977493286,0.8922529816627502,0,-0.000015999999959603883,0.05055899918079376,0,1,0.9999589920043945,0.0007159998058341444,0.009077999740839005,0,-0.006273999810218811,0.7766770124435425,0.6298679709434509,0,-0.006599000655114651,-0.6298990249633789,0.776648998260498,0,0.00007000000186963007,0.04644500091671944,0,1,0.9897210001945496,0.0735199823975563,-0.12266801297664642,0,-0.06059299409389496,0.9925209879875183,0.10597291588783264,0,0.12954100966453552,-0.09745091944932938,0.9867740273475647,0,-0.019067000597715378,0.17634999752044678,-0.00033000000985339284,1,0.9999600052833557,0.008411998860538006,0.003184000262990594,0,-0.008956000208854675,0.8985400199890137,0.43879997730255127,0,0.0008299992186948657,-0.43881097435951233,0.8985790014266968,0,-0.00009300000237999484,0.052212998270988464,0,1,0.9998090267181396,0.016277000308036804,0.010823999531567097,0,-0.019547000527381897,0.8376399874687195,0.5458729267120361,0,-0.0001810005633160472,-0.545979917049408,0.837797999382019,0,0.00002300000051036477,0.05178099870681763,0,1,0.9166120290756226,0.2427860051393509,-0.31761300563812256,0,-0.18532299995422363,0.9620000123977661,0.20052999258041382,0,0.35422998666763306,-0.12494699656963348,0.9267740249633789,0,-0.0686660036444664,0.15241099894046783,-0.0018240000354126096,1,0.999921977519989,0.010708999820053577,0.006397000513970852,0,-0.012406000867486,0.8002470135688782,0.5995420217514038,0,0.0013009998947381973,-0.5995740294456482,0.8003180027008057,0,-0.00009600000339560211,0.06865199655294418,0,1,0.9999129772186279,0.010526998899877071,0.007980000227689743,0,-0.013207999058067799,0.8057349920272827,0.5921289324760437,0,-0.00019700077245943248,-0.592181921005249,0.8058040142059326,0,-0.000048000001697801054,0.054106999188661575,0,1,-0.8925880193710327,-0.2524639964103699,0.3735630214214325,0,0.4108361005783081,-0.7967437505722046,0.44318532943725586,0,0.18574485182762146,0.5490543842315674,0.8148848414421082,0,0.23016299307346344,-0.14885400235652924,-0.03262300044298172,1,0.9623149633407593,-0.268368124961853,0.043922994285821915,0,0.2107359915971756,0.6338586211204529,-0.744186282157898,0,0.17187517881393433,0.7253972291946411,0.6665266752243042,0,0,1.2287869453430176,0,1,0.9851930141448975,-0.12477999180555344,0.11757998913526535,0,-0.09244201332330704,0.1909758299589157,0.9772319793701172,0,-0.14439396560192108,-0.9736310839653015,0.17661285400390625,0,0,1.0921239852905273,0,1,0.9959759712219238,0.02586599998176098,-0.08580400049686432,0,0.012442000210285187,0.9082599878311157,0.41822099685668945,0,0.08874999731779099,-0.4176050126552582,0.9042840003967285,0,0,0.3138349950313568,0,1,-0.883204996585846,0.2959739565849304,-0.36379796266555786,0,-0.43784403800964355,-0.7983308434486389,0.41347429156303406,0,-0.16805385053157806,0.524469256401062,0.834679901599884,0,-0.23016299307346344,-0.14885400235652924,-0.033107999712228775,1,0.9944810271263123,0.009420996531844139,0.10449495166540146,0,0.07823000103235245,0.5970895290374756,-0.7983503341674805,0,-0.06991492211818695,0.8021193742752075,0.5930575132369995,0,0,1.2288390398025513,0,1,0.9446409940719604,0.328093022108078,-0.0027979633305221796,0,-0.00884097721427679,0.033978819847106934,0.9993829727172852,0,0.3279860317707062,-0.9440339803695679,0.034998826682567596,0,0,1.092283010482788,0,1,0.9970600008964539,-0.020583033561706543,0.07381003350019455,0,-0.011595001444220543,0.9116249084472656,0.41085922718048096,0,-0.07574404031038284,-0.4105072319507599,0.9087058901786804,0,0,0.32063600420951843,0,1
