3.533,30,105,65
B0,mixamorig_Hips,-1,0.9976264834403992,0.06323331594467163,0.02715807594358921,0,-0.06599210202693939,0.9908096790313721,0.1178232952952385,0,-0.019454190507531166,-0.11933499574661255,0.9926315546035767,0,-0.23730462789535522,1.4995124340057373,-0.2517692744731903,1
B1,mixamorig_Spine,0,0.9991595149040222,-0.04065795987844467,0.005206170491874218,0,0.04033796861767769,0.9978617429733276,0.05138425901532173,0,-0.007284669671207666,-0.051131054759025574,0.9986627697944641,0,0,0.268328994512558,-0.018689999356865883,1
B2,mixamorig_Spine1,1,0.9994282722473145,-0.016143938526511192,0.029697950929403305,0,0.011688662692904472,0.9894141554832458,0.144497811794281,0,-0.031722672283649445,-0.14406834542751312,0.9890379309654236,0,0,0.31380900740623474,0,1
B3,mixamorig_Spine2,2,0.9996422529220581,-0.005447812378406525,0.026188267394900322,0,0.0015904270112514496,0.9893957376480103,0.14509224891662598,0,-0.02670566737651825,-0.14499911665916443,0.9890497922897339,0,0,0.3586390018463135,0,1
B4,mixamorig_Neck,3,0.9957651495933533,0.08177922666072845,-0.041935794055461884,0,-0.08223994821310043,0.9965367317199707,-0.009582405909895897,0,0.04099385440349579,0.012987933121621609,0.9990472197532654,0,0,0.4034680128097534,0,1
B5,mixamorig_Head,4,0.9955247640609741,-0.0318281352519989,-0.0889802873134613,0,0.04161909595131874,0.9929844737052917,0.11040601879358292,0,0.0848434567451477,-0.11361552029848099,0.9898653030395508,0,0,0.09983199834823608,0.028161000460386276,1
B6,mixamorig_HeadTop_End,5,1,0,0,0,0,1,0,0,0,0,1,0,0,0.7941700220108032,0.22402000427246094,1
B7,mixamorig_LeftShoulder,3,0.5561983585357666,-0.08628913760185242,-0.8265454173088074,0,0.830997884273529,0.06750210374593735,0.5521523356437683,0,0.008154598996043205,-0.9939743876457214,0.10926193743944168,0,0.1507209986448288,0.3509080111980438,-0.0033009999897331,1
B8,mixamorig_LeftArm,7,0.9020705819129944,-0.3672585189342499,0.22618965804576874,0,0.2644287347793579,0.8851448893547058,0.381801962852478,0,-0.3402109742164612,-0.2848593294620514,0.8957728743553162,0,0,0.32168400287628174,0,1
B9,mixamorig_LeftForeArm,8,-0.1879347413778305,-0.18512479960918427,-0.9644367694854736,0,-0.9629382491111755,0.22714918851852417,0.1438763588666916,0,0.19263514876365662,0.9559149742126465,-0.22079794108867645,0,0,0.5558720231056213,0,1
B10,mixamorig_LeftHand,9,0.0874355211853981,-0.1533985733985901,0.983920693397522,0,-0.3011912405490875,0.9377226233482361,0.17279979586601257,0,-0.9491457343101501,-0.3116739094257355,0.035803403705358505,0,0,0.7489020228385925,0,1
B11,mixamorig_LeftHandThumb1,10,0.5997115969657898,0.20539607107639313,-0.7733567357063293,0,-0.04852037876844406,0.9740471243858337,0.22103160619735718,0,0.7986865043640137,-0.0950593575835228,0.5941216945648193,0,-0.04298200085759163,0.026657000184059143,0.007007000036537647,1
B12,mixamorig_LeftHandThumb2,11,0.9809041023254395,0.09136198461055756,0.17168216407299042,0,-0.10883580148220062,0.9894809722900391,0.09526948630809784,0,-0.16117219626903534,-0.11213620752096176,0.9805352091789246,0,-0.01272599957883358,0.03881499916315079,0,1
B13,mixamorig_LeftHandThumb3,12,0.8711330890655518,0.49102047085762024,0.0038236239925026894,0,-0.4909447133541107,0.8707944750785828,0.026032734662294388,0,0.009455717168748379,-0.024554425850510597,0.999653697013855,0,-0.003298999974504113,0.06045899912714958,0,1
B14,mixamorig_LeftHandThumb4,13,1,0,0,0,0,1,0,0,0,0,1,0,0.01602499932050705,0.058823999017477036,0,1
B15,mixamorig_LeftHandIndex1,10,0.7908583283424377,0.44190290570259094,-0.423365980386734,0,-0.2678062915802002,0.8719539642333984,0.4097590148448944,0,0.5502259731292725,-0.21068650484085083,0.8079380393028259,0,-0.06303700059652328,0.18167099356651306,0.0008590000215917826,1
B16,mixamorig_LeftHandIndex2,15,0.9997592568397522,-0.02191845513880253,-0.0005615676054731011,0,0.02161302976310253,0.9808861613273621,0.19333846867084503,0,-0.0036869787145406008,-0.1933038830757141,0.9811239242553711,0,0.0006520000169984996,0.04845299944281578,0,1
B17,mixamorig_LeftHandIndex3,16,0.9998028874397278,-0.019826341420412064,0.0008216272690333426,0,0.01982870139181614,0.9966162443161011,-0.07975536584854126,0,0.000762647483497858,0.07975548505783081,0.9968125224113464,0,-0.00002300000051036477,0.0435900017619133,0,1
B18,mixamorig_LeftHandIndex4,17,1,0,0,0,0,1,0,0,0,0,1,0,-0.0006290000164881349,0.03467100113630295,0,1
B19,mixamorig_LeftHandMiddle1,10,0.9752359986305237,0.20786204934120178,-0.07544899731874466,0,-0.16845855116844177,0.9193680286407471,0.35546281933784485,0,0.14323896169662476,-0.33395421504974365,0.9316321611404419,0,-0.02418299950659275,0.186367005109787,-0.0022879999596625566,1
B20,mixamorig_LeftHandMiddle2,19,0.9998692274093628,-0.01587672531604767,-0.0029952460899949074,0,0.016139132902026176,0.9902175068855286,0.1385963261127472,0,0.0007654036162421107,-0.1386265605688095,0.9903442859649658,0,0.0004490000137593597,0.04813800007104874,0,1
B21,mixamorig_LeftHandMiddle3,20,0.9999563694000244,-0.00878456886857748,0.0032130256295204163,0,0.00905878096818924,0.995090901851654,-0.09848511219024658,0,-0.0023327679373323917,0.09850911051034927,0.9951274394989014,0,0.00006199999916134402,0.04778999835252762,0,1
B22,mixamorig_LeftHandMiddle4,21,1,0,0,0,0,1,0,0,0,0,1,0,-0.0005099999834783375,0.04010099917650223,0,1
B23,mixamorig_LeftHandRing1,10,0.9924456477165222,-0.008636707440018654,0.1222442090511322,0,-0.049261704087257385,0.8852745890617371,0.46244046092033386,0,-0.11221789568662643,-0.464959979057312,0.8781766295433044,0,0.02308100089430809,0.17782899737358093,-0.0015879999846220016,1
B24,mixamorig_LeftHandRing2,23,0.9999154806137085,-0.012982490472495556,-0.000041028753912542015,0,0.012781416065990925,0.9838950634002686,0.1782713234424591,0,-0.002273799618706107,-0.1782565712928772,0.9839785099029541,0,0.00025400001322850585,0.052942998707294464,0,1
B25,mixamorig_LeftHandRing3,24,0.9999732375144958,-0.006276883650571108,-0.003819432109594345,0,0.00630890391767025,0.9999313950538635,0.008498134091496468,0,0.003764864755794406,-0.008522014133632183,0.9999439716339111,0,-0.00019799999427050352,0.05130099877715111,0,1
B26,mixamorig_LeftHandRing4,25,1,0,0,0,0,1,0,0,0,0,1,0,-0.000056000000768108293,0.0424249991774559,0,1
B27,mixamorig_LeftHandPinky1,10,0.7759484052658081,-0.36231333017349243,0.5161724090576172,0,-0.04008100926876068,0.7885148525238037,0.6137032508850098,0,-0.6293694376945496,-0.49686652421951294,0.5973474979400635,0,0.0641390010714531,0.15502600371837616,-0.0009800000116229057,1
B28,mixamorig_LeftHandPinky2,27,0.9999573826789856,-0.009144407697021961,-0.0015532204415649176,0,0.009274611249566078,0.9881904721260071,0.15289902687072754,0,0.00013611395843327045,-0.15290702879428864,0.9882330894470215,0,0.0004299999854993075,0.06326399743556976,0,1
B29,mixamorig_LeftHandPinky3,28,0.9999783635139465,-0.006526692304760218,0.0008621171582490206,0,0.006555858068168163,0.9991936087608337,-0.03906479850411415,0,-0.0006078424048610032,0.03906979784369469,0.9992151260375977,0,0.00001700000029813964,0.05552399903535843,0,1
B30,mixamorig_LeftHandPinky4,29,1,0,0,0,0,1,0,0,0,0,1,0,-0.000446999998530373,0.04917600005865097,0,1
B31,mixamorig_RightShoulder,3,0.602565348148346,0.05172162875533104,0.7963863015174866,0,-0.7979745864868164,0.053240302950143814,0.6003124713897705,0,-0.011356724426150322,-0.9972320795059204,0.07334372401237488,0,-0.1507209986448288,0.350957989692688,-0.004017999861389399,1
B32,mixamorig_RightArm,31,0.9602347016334534,-0.03332243114709854,-0.2758948802947998,0,0.08772773295640945,0.9781863689422607,0.18675842881202698,0,0.26358330249786377,-0.2039536088705063,0.9426827430725098,0,0,0.32168400287628174,0,1
B33,mixamorig_RightForeArm,32,0.17490416765213013,-0.5312682390213013,0.8287296891212463,0,0.605817437171936,0.7213858366012573,0.3344925045967102,0,-0.7757991552352905,0.443460613489151,0.4484446048736572,0,0,0.556318998336792,0,1
B34,mixamorig_RightHand,33,0.2922690212726593,0.13053910434246063,-0.9473400712013245,0,-0.03764202818274498,0.9912830591201782,0.12512700259685516,0,0.9554101824760437,-0.000887682952452451,0.29470181465148926,0,0,0.7471219897270203,0,1
B35,mixamorig_RightHandThumb1,34,0.5363526940345764,-0.22804959118366241,0.8125779032707214,0,0.010079404339194298,0.9644505977630615,0.2640208601951599,0,-0.8439242243766785,-0.13343742489814758,0.5195923447608948,0,0.044082000851631165,0.02597999945282936,0.00945299956947565,1
B36,mixamorig_RightHandThumb2,35,0.9633620381355286,-0.21101221442222595,-0.1655493825674057,0,0.22571703791618347,0.971262514591217,0.07550138235092163,0,0.14486008882522583,-0.11010276526212692,0.9833069443702698,0,0.01158399973064661,0.03998300060629845,0,1
B37,mixamorig_RightHandThumb3,36,0.9708881378173828,-0.23950032889842987,0.0006243844982236624,0,0.2394215613603592,0.9706271886825562,0.023324131965637207,0,-0.006195725407451391,-0.022496437653899193,0.999727725982666,0,-0.004923999775201082,0.05985800176858902,0,1
B38,mixamorig_RightHandThumb4,37,1,0,0,0,0,1,0,0,0,0,1,0,-0.006659999955445528,0.05996600165963173,0,1
B39,mixamorig_RightHandIndex1,34,0.7859288454055786,-0.41407811641693115,0.45914509892463684,0,0.21949158608913422,0.8810145258903503,0.4189407229423523,0,-0.5779581069946289,-0.2284829318523407,0.7833436131477356,0,0.06706500053405762,0.18151600658893585,0.000015999999959603883,1
B40,mixamorig_RightHandIndex2,39,0.9999555349349976,0.009371550753712654,-0.0007639254326932132,0,-0.009066887199878693,0.9826179146766663,0.18526417016983032,0,0.0024881481658667326,-0.1852489411830902,0.9826593995094299,0,-0.00009899999713525176,0.0483970008790493,0,1
B41,mixamorig_RightHandIndex3,40,0.9999847412109375,0.005116978660225868,0.0021708712447434664,0,-0.004777087364345789,0.9907869696617126,-0.134989395737648,0,-0.0028400777373462915,0.13497640192508698,0.9907962083816528,0,0.00002300000051036477,0.044769998639822006,0,1
B42,mixamorig_RightHandIndex4,41,1,0,0,0,0,1,0,0,0,0,1,0,0.00007599999662488699,0.03627999871969223,0,1
B43,mixamorig_RightHandMiddle1,34,0.9858679175376892,-0.14809758961200714,0.07822773605585098,0,0.11122992634773254,0.9281022548675537,0.3552829623222351,0,-0.1252078115940094,-0.34156620502471924,0.9314718842506409,0,0.020669000223279,0.18546700477600098,-0.0016629999736323953,1
B44,mixamorig_RightHandMiddle2,43,0.9999356269836426,0.010960160754621029,0.0030076189432293177,0,-0.011228890158236027,0.9935564398765564,0.11267612129449844,0,-0.00175303197465837,-0.1127031221985817,0.9936156272888184,0,-0.000015999999959603883,0.05055899918079376,0,1
B45,mixamorig_RightHandMiddle3,44,0.9999285936355591,-0.011979494243860245,-0.0005017103394493461,0,0.011760187335312366,0.9880467057228088,-0.15355168282985687,0,0.002336404751986265,0.15353479981422424,0.9881162047386169,0,0.00007000000186963007,0.04644500091671944,0,1
B46,mixamorig_RightHandMiddle4,45,1,0,0,0,0,1,0,0,0,0,1,0,-0.000052999999752501026,0.0369269996881485,0,1
B47,mixamorig_RightHandRing1,34,0.9872735738754272,0.0609537735581398,-0.14685504138469696,0,0.013938254676759243,0.886871874332428,0.4618034362792969,0,0.15839093923568726,-0.45797088742256165,0.8747382760047913,0,-0.019067000597715378,0.17634999752044678,-0.00033000000985339284,1
B48,mixamorig_RightHandRing2,47,0.9999918937683105,0.0040686530992388725,-0.000395149108953774,0,-0.003965412266552448,0.9889993071556091,0.14785926043987274,0,0.0009920831071212888,-0.14785626530647278,0.9890074133872986,0,-0.00009300000237999484,0.052212998270988464,0,1
B49,mixamorig_RightHandRing3,48,0.9999527335166931,0.008952018804848194,0.0038270950317382812,0,-0.008791591972112656,0.999159038066864,-0.03995675593614578,0,-0.004181911703199148,0.039921633899211884,0.9991903901100159,0,0.00002300000051036477,0.05178099870681763,0,1
B50,mixamorig_RightHandRing4,49,1,0,0,0,0,1,0,0,0,0,1,0,0.00007000000186963007,0.04593599960207939,0,1
B51,mixamorig_RightHandPinky1,34,0.7157329320907593,0.43385034799575806,-0.5472157001495361,0,0.04609476402401924,0.7525641322135925,0.6568609476089478,0,0.6968157887458801,-0.49534133076667786,0.518642783164978,0,-0.0686660036444664,0.15241099894046783,-0.0018240000354126096,1
B52,mixamorig_RightHandPinky2,51,0.9999930262565613,0.0035532289184629917,0.0013454931322485209,0,-0.003699544118717313,0.9912331700325012,0.13206593692302704,0,-0.0008649744559079409,-0.132069930434227,0.9912391304969788,0,-0.00009600000339560211,0.06865199655294418,0,1
B53,mixamorig_RightHandPinky3,52,1,-0.0002425165002932772,-0.00027228647377341986,0,0.00021763681434094906,0.9963167309761047,-0.08574579656124115,0,0.00029175932286307216,0.08574579656124115,0.9963167309761047,0,-0.000048000001697801054,0.054106999188661575,0,1
B54,mixamorig_RightHandPinky4,53,1,0,0,0,0,1,0,0,0,0,1,0,0.00014400000509340316,0.04647200182080269,0,1
B55,mixamorig_LeftUpLeg,0,-0.9627610445022583,-0.17778272926807404,0.20363126695156097,0,0.2071460634469986,-0.0012019227724522352,0.9779899716377258,0,-0.17370514571666718,0.9837488532066345,0.03799203783273697,0,0.23016299307346344,-0.14885400235652924,-0.03262300044298172,1
B56,mixamorig_LeftLeg,55,0.6499223709106445,-0.7443036437034607,0.15326184034347534,0,0.23015844821929932,0.0006078510778024793,-0.9730221033096313,0,0.7243044376373291,0.6676506996154785,0.17173857986927032,0,0,1.2287869453430176,0,1
B57,mixamorig_LeftFoot,56,0.9915969967842102,0.010860955342650414,0.12890556454658508,0,-0.12445851415395737,0.35182616114616394,0.9277540445327759,0,-0.03527582436800003,-0.9360013008117676,0.3502214550971985,0,0,1.0921239852905273,0,1
B58,mixamorig_LeftToeBase,57,0.9960293769836426,0.025482527911663055,-0.08529789000749588,0,0.012476880103349686,0.9087404012680054,0.41717398166656494,0,0.08814449608325958,-0.4165818691253662,0.9048148393630981,0,0,0.3138349950313568,0,1
B59,mixamorig_LeftToe_End,58,1,0,0,0,0,1,0,0,0,0,1,0,0,0.12210000306367874,0,1
B60,mixamorig_RightUpLeg,0,-0.9357151985168457,0.27222102880477905,-0.2243458479642868,0,-0.3505941927433014,-0.7876209616661072,0.5066004991531372,0,-0.03878100588917732,0.5526845455169678,0.8324323892593384,0,-0.23016299307346344,-0.14885400235652924,-0.033107999712228775,1
B61,mixamorig_RightLeg,60,0.9893743395805359,-0.09986435621976852,0.10554542392492294,0,0.0473795123398304,-0.4653299152851105,-0.8836292624473572,0,0.1374194175004959,0.8792367577552795,-0.4556627869606018,0,0,1.2288390398025513,0,1
B62,mixamorig_RightFoot,61,0.9109265208244324,0.3762862980365753,0.1690262407064438,0,0.08603578805923462,-0.5737999081611633,0.8142818212509155,0,0.40346622467041016,-0.7272098064422607,-0.5550421476364136,0,0,1.092283010482788,0,1
B63,mixamorig_RightToeBase,62,0.9987974762916565,0.025525348260998726,-0.041813500225543976,0,0.014777778647840023,0.6567146182060242,0.7539907097816467,0,0.04670726880431175,-0.7537031173706055,0.6555471420288086,0,0,0.32063600420951843,0,1
B64,mixamorig_RightToe_End,63,1,0,0,0,0,1,0,0,0,0,1,0,0,0.12245699763298035,0,1
@52,0,1,2,3,4,5,7,8,9,10,11,12,13,15,16,17,19,20,21,23,24,25,27,28,29,31,32,33,34,35,36,37,39,40,41,43,44,45,47,48,49,51,52,53,55,56,57,58,60,61,62,63
K0.000,0.5223770141601562,0.0682160034775734,0.8499820232391357,0,-0.059372998774051666,0.997285008430481,-0.04354900121688843,0,-0.8506450057029724,-0.027716999873518944,0.5250089764595032,0,-0.027931999415159225,2.3064699172973633,0.019744999706745148,1,0.9988830089569092,-0.04575600102543831,-0.011776999570429325,0,0.04687200114130974,0.9910339713096619,0.12511500716209412,0,0.0059460001066327095,-0.1255279928445816,0.9920719861984253,0,0,0.268328994512558,-0.018689999356865883,1,0.9952399730682373,-0.09506600350141525,-0.021429000422358513,0,0.09718099981546402,0.9845560193061829,0.14562000334262848,0,0.007253999821841717,-0.1470090001821518,0.9891089797019958,0,0,0.31380900740623474,0,1,0.9952409863471985,-0.09504999965429306,-0.021466000005602837,0,0.09717299789190292,0.984499990940094,0.1460060030221939,0,0.007255000062286854,-0.1473969966173172,0.9890509843826294,0,0,0.3586390018463135,0,1,0.8858389854431152,0.07416100054979324,-0.4580270051956177,0,-0.18930800259113312,0.959011971950531,-0.21085000038146973,0,0.42361700534820557,0.27348700165748596,0.863569974899292,0,0,0.4034680128097534,0,1,0.9014469981193542,-0.0581899993121624,-0.42896100878715515,0,0.05054999887943268,0.9982950091362,-0.029193999245762825,0,0.4299280047416687,0.004633000120520592,0.9028509855270386,0,0,0.09983199834823608,0.028161000460386276,1,0.19279100000858307,-0.11067599803209305,-0.9749780297279358,0,0.9703819751739502,-0.12590299546718597,0.20617400109767914,0,-0.14557099342346191,-0.9858499765396118,0.08312500268220901,0,0.1507209986448288,0.3509080111980438,-0.0033009999897331,1,0.9152939915657043,-0.1706800013780594,0.3648360073566437,0,-0.06733900308609009,0.8281890153884888,0.5563880205154419,0,-0.3971180021762848,-0.5338259935379028,0.7465429902076721,0,0,0.32168400287628174,0,1,0.4113500118255615,0.4224100112915039,-0.8076879978179932,0,-0.6840410232543945,0.7287089824676514,0.03272699937224388,0,0.6023939847946167,0.5390290021896362,0.5887010097503662,0,0,0.5558720231056213,0,1,0.8496050238609314,-0.021679000928997993,0.5269730091094971,0,0.1550460010766983,0.9652720093727112,-0.2102620005607605,0,-0.5041149854660034,0.2603450119495392,0.8234620094299316,0,0,0.7489020228385925,0,1,0.8601109981536865,0.46327298879623413,-0.21351100504398346,0,-0.4062969982624054,0.8752570152282715,0.2623879909515381,0,0.30843400955200195,-0.13893400132656097,0.9410449862480164,0,-0.04298200085759163,0.026657000184059143,0.007007000036537647,1,0.9855719804763794,-0.0635790005326271,0.15686100721359253,0,0.05045299977064133,0.9949920177459717,0.08628900349140167,0,-0.1615609973669052,-0.07712899893522263,0.983843982219696,0,-0.01272599957883358,0.03881499916315079,0,1,0.9596359729766846,0.28085801005363464,-0.014781000092625618,0,-0.2811860144138336,0.9591959714889526,-0.029625000432133675,0,0.00585799990221858,0.03258499875664711,0.9994519948959351,0,-0.003298999974504113,0.06045899912714958,0,1,0.9597160220146179,0.15633399784564972,-0.23346500098705292,0,-0.2015179991722107,0.9620069861412048,-0.18421000242233276,0,0.19579599797725677,0.2238360047340393,0.9547569751739502,0,-0.06303700059652328,0.18167099356651306,0.0008590000215917826,1,0.9996529817581177,-0.026348000392317772,-0.00011700000322889537,0,0.022621000185608864,0.855970025062561,0.5165309906005859,0,-0.013508999720215797,-0.5163540244102478,0.8562679886817932,0,0.0006520000169984996,0.04845299944281578,0,1,0.9995909929275513,-0.027698000892996788,-0.00711800018325448,0,0.027222000062465668,0.8453009724617004,0.5335969924926758,0,-0.008762000128626823,-0.5335729718208313,0.8457090258598328,0,-0.00002300000051036477,0.0435900017619133,0,1,0.9791259765625,0.13926200568675995,-0.148048996925354,0,-0.13996799290180206,0.9901400208473206,0.005688999779522419,0,0.147380992770195,0.01515199989080429,0.9889640212059021,0,-0.02418299950659275,0.186367005109787,-0.0022879999596625566,1,0.9996910095214844,-0.02426699921488762,-0.005394000094383955,0,0.023726999759674072,0.866690993309021,0.49827998876571655,0,-0.007416999898850918,-0.4982540011405945,0.8669989705085754,0,0.0004490000137593597,0.04813800007104874,0,1,0.9995200037956238,-0.024174999445676804,-0.019348999485373497,0,0.030812999233603477,0.7147089838981628,0.6987419724464417,0,-0.003063000040128827,-0.6990039944648743,0.7151119709014893,0,0.00006199999916134402,0.04778999835252762,0,1,0.9918100237846375,0.07365500181913376,-0.1043429970741272,0,-0.04432100057601929,0.9646779894828796,0.259674996137619,0,0.11978399753570557,-0.25292399525642395,0.9600419998168945,0,0.02308100089430809,0.17782899737358093,-0.0015879999846220016,1,0.9997569918632507,-0.021542999893426895,-0.004767000209540129,0,0.021026000380516052,0.8647549748420715,0.5017529726028442,0,-0.006686999928206205,-0.5017309784889221,0.8649979829788208,0,0.00025400001322850585,0.052942998707294464,0,1,0.9996979832649231,-0.021259000524878502,-0.012338000349700451,0,0.024042999371886253,0.7414649724960327,0.6705600023269653,0,-0.005107000004500151,-0.6706539988517761,0.7417529821395874,0,-0.00019799999427050352,0.05130099877715111,0,1,0.9947900176048279,-0.00240899994969368,0.10191699862480164,0,-0.021990999579429626,0.9711120128631592,0.23760999739170074,0,-0.09954600036144257,-0.23861299455165863,0.9659990072250366,0,0.0641390010714531,0.15502600371837616,-0.0009800000116229057,1,0.9997100234031677,-0.022247999906539917,-0.00919399969279766,0,0.021970000118017197,0.6871010065078735,0.7262300252914429,0,-0.009840000420808792,-0.7262219786643982,0.6873900294303894,0,0.0004299999854993075,0.06326399743556976,0,1,0.9996600151062012,-0.02148200012743473,-0.014759999699890614,0,0.0255149994045496,0.6908910274505615,0.7225090265274048,0,-0.005322999786585569,-0.7226399779319763,0.6912040114402771,0,0.00001700000029813964,0.05552399903535843,0,1,0.1744289994239807,0.09944800287485123,0.9796350002288818,0,-0.9774990081787109,-0.10235899686813354,0.1844400018453598,0,0.1186159998178482,-0.9897639751434326,0.07935599982738495,0,-0.1507209986448288,0.350957989692688,-0.004017999861389399,1,0.667589008808136,0.4356899857521057,-0.603738009929657,0,-0.0015699999639764428,0.8117190003395081,0.5840449929237366,0,0.7445290088653564,-0.3889540135860443,0.5425789952278137,0,0,0.32168400287628174,0,1,-0.28862500190734863,-0.6683239936828613,0.6855940222740173,0,0.9376929998397827,-0.3420029878616333,0.06136700138449669,0,0.19346199929714203,0.6605880260467529,0.7253929972648621,0,0,0.556318998336792,0,1,0.4346800148487091,-0.10894200205802917,-0.8939710259437561,0,-0.09315499663352966,0.981893002986908,-0.16495199501514435,0,0.8957539796829224,0.15498000383377075,0.41666099429130554,0,0,0.7471219897270203,0,1,0.828944981098175,-0.5014500021934509,0.2477860003709793,0,0.45045799016952515,0.8611220121383667,0.23570600152015686,0,-0.33156800270080566,-0.08376999944448471,0.9397050142288208,0,0.044082000851631165,0.02597999945282936,0.00945299956947565,1,0.9839739799499512,-0.09198299795389175,-0.15275800228118896,0,0.10400299727916718,0.9919210076332092,0.07264100015163422,0,0.1448419988155365,-0.08736400306224823,0.9855899810791016,0,0.01158399973064661,0.03998300060629845,0,1,0.9713420271873474,0.23759299516677856,0.0065819998271763325,0,-0.2363000065088272,0.9682980179786682,-0.08100099861621857,0,-0.02561900019645691,0.07712399959564209,0.9966920018196106,0,-0.004923999775201082,0.05985800176858902,0,1,0.8966590166091919,-0.2966200113296509,0.32866400480270386,0,0.3623580038547516,0.9182239770889282,-0.15988300740718842,0,-0.2543630003929138,0.2624549865722656,0.9308149814605713,0,0.06706500053405762,0.18151600658893585,0.000015999999959603883,1,0.9999369978904724,0.011177999898791313,-0.0012659999774768949,0,-0.010235999710857868,0.9507520198822021,0.3097839951515198,0,0.004666000138968229,-0.3097519874572754,0.9508060216903687,0,-0.00009899999713525176,0.0483970008790493,0,1,0.9999279975891113,0.012009999714791775,0.00041700000292621553,0,-0.011199000291526318,0.9186949729919434,0.39480799436569214,0,0.004358999896794558,-0.39478400349617004,0.9187629818916321,0,0.00002300000051036477,0.044769998639822006,0,1,0.9853529930114746,-0.1530590057373047,0.07518099993467331,0,0.15950900316238403,0.9831799864768982,-0.08895500004291534,0,-0.06030099838972092,0.0996439978480339,0.9931939840316772,0,0.020669000223279,0.18546700477600098,-0.0016629999736323953,1,0.9998440146446228,0.015650000423192978,0.008173000067472458,0,-0.01765500009059906,0.8918079733848572,0.4520699977874756,0,-0.00021399999968707561,-0.45214399695396423,0.8919450044631958,0,-0.000015999999959603883,0.05055899918079376,0,1,0.9999589920043945,0.00072900002123788,0.009050000458955765,0,-0.006266999989748001,0.7766739726066589,0.6298710107803345,0,-0.006570000201463699,-0.6299020051956177,0.7766469717025757,0,0.00007000000186963007,0.04644500091671944,0,1,0.9897559881210327,0.07441200315952301,-0.12184300273656845,0,-0.0610009990632534,0.9920219779014587,0.1103229969739914,0,0.12907999753952026,-0.10175999999046326,0.9863989949226379,0,-0.019067000597715378,0.17634999752044678,-0.00033000000985339284,1,0.9999589920043945,0.008479000069200993,0.003129000077024102,0,-0.008990000002086163,0.8975769877433777,0.44076600670814514,0,0.0009280000231228769,-0.440775990486145,0.897616982460022,0,-0.00009300000237999484,0.052212998270988464,0,1,0.9998070001602173,0.016397999599575996,0.010855999775230885,0,-0.019664999097585678,0.8360779881477356,0.5482580065727234,0,-0.00008600000001024455,-0.5483649969100952,0.8362389802932739,0,0.00002300000051036477,0.05178099870681763,0,1,0.9166110157966614,0.2427860051393509,-0.31761500239372253,0,-0.18532299995422363,0.9620000123977661,0.20052899420261383,0,0.35423099994659424,-0.1249459981918335,0.9267730116844177,0,-0.0686660036444664,0.15241099894046783,-0.0018240000354126096,1,0.9999189972877502,0.010994999669492245,0.006393999792635441,0,-0.012632999569177628,0.8002409934997559,0.5995460152626038,0,0.0014750000555068254,-0.5995780229568481,0.8003150224685669,0,-0.00009600000339560211,0.06865199655294418,0,1,0.9999120235443115,0.01054800022393465,0.008104999549686909,0,-0.013299999758601189,0.8041269779205322,0.5943089723587036,0,-0.00024900000425986946,-0.5943650007247925,0.8041960000991821,0,-0.000048000001697801054,0.054106999188661575,0,1,-0.892316997051239,-0.2539620101451874,0.37319400906562805,0,0.4073390066623688,-0.8092920184135437,0.4232270121574402,0,0.19453999400138855,0.5296689867973328,0.8255940079689026,0,0.23016299307346344,-0.14885400235652924,-0.03262300044298172,1,0.9625499844551086,-0.26739999651908875,0.04465800151228905,0,0.21410299837589264,0.6487370133399963,-0.7302740216255188,0,0.16630400717258453,0.712486982345581,0.6816930174827576,0,0,1.2287869453430176,0,1,0.9853420257568359,-0.12285599857568741,0.1183520033955574,0,-0.09245400130748749,0.19845500588417053,0.9757400155067444,0,-0.14336200058460236,-0.9723799824714661,0.18418799340724945,0,0,1.0921239852905273,0,1,0.9959679841995239,0.025838999077677727,-0.08590400218963623,0,0.012457000091671944,0.908499002456665,0.41770100593566895,0,0.08883599936962128,-0.41708698868751526,0.9045150279998779,0,0,0.3138349950313568,0,1,-0.8827419877052307,0.2997939884662628,-0.36178699135780334,0,-0.43666699528694153,-0.8077110052108765,0.3961380124092102,0,-0.1734600067138672,0.5076680183410645,0.8439109921455383,0,-0.23016299307346344,-0.14885400235652924,-0.033107999712228775,1,0.9939209818840027,0.007292000111192465,0.10985100269317627,0,0.0819149985909462,0.6176679730415344,-0.7821609973907471,0,-0.07355500012636185,0.7864050269126892,0.613315999507904,0,0,1.2288390398025513,0,1,0.9444079995155334,0.3287549912929535,-0.0038109999150037766,0,-0.009411999955773354,0.0386199988424778,0.999210000038147,0,0.32864201068878174,-0.9436249732971191,0.0395670011639595,0,0,1.092283010482788,0,1,0.9967910051345825,-0.02190599963068962,0.07699599862098694,0,-0.011479999870061874,0.9127680063247681,0.4083159863948822,0,-0.07922399789094925,-0.4078899919986725,0.9095879793167114,0,0,0.32063600420951843,0,1
K0.033,0.5146648287773132,0.06944401562213898,0.8545750975608826,0,-0.059005007147789,0.997219979763031,-0.0455000214278698,0,-0.8553591370582581,-0.027007007971405983,0.5173318386077881,0,-0.026694977656006813,2.3072290420532227,0.017803970724344254,1,0.9989529848098755,-0.04431697726249695,-0.011351989582180977,0,0.04539297893643379,0.9910489916801453,0.12554499506950378,0,0.005686992313712835,-0.12592899799346924,0.9920229911804199,0,0,0.268328994512558,-0.018689999356865883,1,0.9955340027809143,-0.0921049565076828,-0.020679980516433716,0,0.0941479504108429,0.9847220182418823,0.1464870125055313,0,0.006870987359434366,-0.14778001606464386,0.9889960289001465,0,0,0.31380900740623474,0,1,0.9955350160598755,-0.09208895266056061,-0.020715981721878052,0,0.0941399484872818,0.9846649765968323,0.14687301218509674,0,0.006872987374663353,-0.14816701412200928,0.9889379739761353,0,0,0.3586390018463135,0,1,0.8856260180473328,0.07359396666288376,-0.45853203535079956,0,-0.19033698737621307,0.9581459760665894,-0.21384203433990479,0,0.42360302805900574,0.2766590416431427,0.8625659942626953,0,0,0.4034680128097534,0,1,0.9012529850006104,-0.06073708459734917,-0.42901402711868286,0,0.05772915482521057,0.9981309771537781,-0.020035872235894203,0,0.42942899465560913,-0.006709184031933546,0.9030749797821045,0,0,0.09983199834823608,0.028161000460386276,1,0.1931680142879486,-0.10967398434877396,-0.9750170111656189,0,0.9712939858436584,-0.11923392117023468,0.2058430016040802,0,-0.13883092999458313,-0.9867900013923645,0.08349300175905228,0,0.1507209986448288,0.3509080111980438,-0.0033009999897331,1,0.9140679240226746,-0.1882573664188385,0.35921889543533325,0,-0.04887953773140907,0.828139066696167,0.5583869218826294,0,-0.4026041030883789,-0.5279627442359924,0.7477741241455078,0,0,0.32168400287628174,0,1,0.3913756012916565,0.41806793212890625,-0.8197831511497498,0,-0.6985062956809998,0.7149267196655273,0.031117016449570656,0,0.5990939140319824,0.5604453682899475,0.5718277096748352,0,0,0.5558720231056213,0,1,0.8468989133834839,-0.0024627065286040306,0.5317481160163879,0,0.13025663793087006,0.9704840779304504,-0.20296192169189453,0,-0.5155531764030457,0.24115175008773804,0.8222229480743408,0,0,0.7489020228385925,0,1,0.8601120114326477,0.46327200531959534,-0.21351100504398346,0,-0.4062960147857666,0.8752580285072327,0.2623879909515381,0,0.30843400955200195,-0.13893499970436096,0.9410449862480164,0,-0.04298200085759163,0.026657000184059143,0.007007000036537647,1,0.9855719804763794,-0.06357800215482712,0.15685999393463135,0,0.05045200139284134,0.9949920177459717,0.08628799766302109,0,-0.1615609973669052,-0.07712899893522263,0.983843982219696,0,-0.01272599957883358,0.03881499916315079,0,1,0.9596359729766846,0.28085699677467346,-0.014781000092625618,0,-0.28118500113487244,0.9591959714889526,-0.029625000432133675,0,0.0058570001274347305,0.032586000859737396,0.9994519948959351,0,-0.003298999974504113,0.06045899912714958,0,1,0.9627800583839417,0.1439138501882553,-0.22878792881965637,0,-0.19197990000247955,0.9599509239196777,-0.20405128598213196,0,0.1902599036693573,0.24037925899028778,0.9518499374389648,0,-0.06303700059652328,0.18167099356651306,0.0008590000215917826,1,0.9996539950370789,-0.026286998763680458,-0.00010999984078807756,0,0.022610999643802643,0.8577030301094055,0.5136489272117615,0,-0.013407996855676174,-0.5134739279747009,0.8580010533332825,0,0.0006520000169984996,0.04845299944281578,0,1,0.9995920062065125,-0.027672000229358673,-0.007058998104184866,0,0.027194000780582428,0.846820056438446,0.5311839580535889,0,-0.008720998652279377,-0.5311589241027832,0.8472270369529724,0,-0.00002300000051036477,0.0435900017619133,0,1,0.9807119965553284,0.12979190051555634,-0.14614596962928772,0,-0.13458195328712463,0.9906280040740967,-0.023335397243499756,0,0.14174692332744598,0.0425533801317215,0.9889879822731018,0,-0.02418299950659275,0.186367005109787,-0.0022879999596625566,1,0.9996920228004456,-0.024250000715255737,-0.005351998843252659,0,0.02370999939739704,0.867982029914856,0.49602994322776794,0,-0.007382999174296856,-0.4960039258003235,0.868289053440094,0,0.0004490000137593597,0.04813800007104874,0,1,0.9995229840278625,-0.024243000894784927,-0.019106995314359665,0,0.030719995498657227,0.7207781076431274,0.6924848556518555,0,-0.0030159982852637768,-0.692741870880127,0.7211801409721375,0,0.00006199999916134402,0.04778999835252762,0,1,0.9923210144042969,0.06703393906354904,-0.10395098477602005,0,-0.0430230088531971,0.974993109703064,0.21803244948387146,0,0.11596695333719254,-0.2118864506483078,0.9703891277313232,0,0.02308100089430809,0.17782899737358093,-0.0015879999846220016,1,0.999767005443573,-0.02109699510037899,-0.0045229969546198845,0,0.020695993676781654,0.8783601522445679,0.4775506556034088,0,-0.006101991981267929,-0.47753265500068665,0.8785921931266785,0,0.00025400001322850585,0.052942998707294464,0,1,0.9997130036354065,-0.020976996049284935,-0.011547989211976528,0,0.02348599024116993,0.7649943232536316,0.643608570098877,0,-0.004666993860155344,-0.643695592880249,0.7652673125267029,0,-0.00019799999427050352,0.05130099877715111,0,1,0.9949790239334106,0.0043510980904102325,0.09998495876789093,0,-0.023210030049085617,0.9818481206893921,0.18824337422847748,0,-0.09735195338726044,-0.18961839377880096,0.9770201444625854,0,0.0641390010714531,0.15502600371837616,-0.0009800000116229057,1,0.9997280240058899,-0.02178199216723442,-0.008389988914132118,0,0.021476993337273598,0.7175794243812561,0.6961455941200256,0,-0.009142990224063396,-0.6961365938186646,0.7178514003753662,0,0.0004299999854993075,0.06326399743556976,0,1,0.9996790289878845,-0.021268995478749275,-0.013740984722971916,0,0.024859990924596786,0.7211854457855225,0.6922956109046936,0,-0.004814993590116501,-0.6924155950546265,0.7214823961257935,0,0.00001700000029813964,0.05552399903535843,0,1,0.16950391232967377,0.09853099286556244,0.9805920124053955,0,-0.9797770380973816,-0.09050284326076508,0.17845690250396729,0,0.10632983595132828,-0.9910100102424622,0.08119802922010422,0,-0.1507209986448288,0.350957989692688,-0.004017999861389399,1,0.6836223006248474,0.42866480350494385,-0.5906837582588196,0,-0.0039021081756800413,0.8114730715751648,0.584376871585846,0,0.7298256754875183,-0.3971880376338959,0.5564133524894714,0,0,0.32168400287628174,0,1,-0.28340792655944824,-0.6652118563652039,0.6907771229743958,0,0.9393810033798218,-0.3375159204006195,0.0603790320456028,0,0.1929839849472046,0.6660151481628418,0.7205418944358826,0,0,0.556318998336792,0,1,0.4362660050392151,-0.1082189753651619,-0.8932859897613525,0,-0.08971592038869858,0.9825630187988281,-0.16284994781017303,0,0.895334005355835,0.15118789672851562,0.41895002126693726,0,0,0.7471219897270203,0,1,0.8295600414276123,-0.5008059144020081,0.24702797830104828,0,0.4502679407596588,0.8615380525588989,0.23454396426677704,0,-0.330284982919693,-0.08333999663591385,0.9401950240135193,0,0.044082000851631165,0.02597999945282936,0.00945299956947565,1,0.9839739799499512,-0.09198199957609177,-0.15275700390338898,0,0.10400199890136719,0.9919210076332092,0.07264299690723419,0,0.1448410004377365,-0.0873659998178482,0.9855899810791016,0,0.01158399973064661,0.03998300060629845,0,1,0.9713429808616638,0.23759299516677856,0.0065819998271763325,0,-0.23629899322986603,0.9682980179786682,-0.08100099861621857,0,-0.025617999956011772,0.07712499797344208,0.9966920018196106,0,-0.004923999775201082,0.05985800176858902,0,1,0.8974430561065674,-0.2947129011154175,0.32823699712753296,0,0.3595168888568878,0.9198210835456848,-0.15708895027637482,0,-0.2556230425834656,0.25898492336273193,0.9314420223236084,0,0.06706500053405762,0.18151600658893585,0.000015999999959603883,1,0.9999369978904724,0.011175999417901039,-0.0012669999850913882,0,-0.010233999229967594,0.950751006603241,0.30978795886039734,0,0.004665999673306942,-0.30975496768951416,0.9508050084114075,0,-0.00009899999713525176,0.0483970008790493,0,1,0.9999279975891113,0.012005998753011227,0.00041499981307424605,0,-0.011195998638868332,0.9188079833984375,0.39454495906829834,0,0.004354999400675297,-0.3945219814777374,0.9188759922981262,0,0.00002300000051036477,0.044769998639822006,0,1,0.9853090047836304,-0.1531219184398651,0.07563602179288864,0,0.15937893092632294,0.9835439920425415,-0.08508794009685516,0,-0.06136203557252884,0.09589294344186783,0.9934980273246765,0,0.020669000223279,0.18546700477600098,-0.0016629999736323953,1,0.9998440146446228,0.015652000904083252,0.008182999677956104,0,-0.017660999670624733,0.8916090130805969,0.45246097445487976,0,-0.00021400002879090607,-0.4525349736213684,0.891746997833252,0,-0.000015999999959603883,0.05055899918079376,0,1,0.9999589920043945,0.0007280000136233866,0.009040999226272106,0,-0.006256998982280493,0.7770440578460693,0.6294159293174744,0,-0.006567999720573425,-0.6294459700584412,0.7770160436630249,0,0.00007000000186963007,0.04644500091671944,0,1,0.990094006061554,0.07248305529356003,-0.12025194615125656,0,-0.05859404429793358,0.9916049838066101,0.11526307463645935,0,0.12759695947170258,-0.10707607120275497,0.9860290288925171,0,-0.019067000597715378,0.17634999752044678,-0.00033000000985339284,1,0.9999589920043945,0.008503001183271408,0.0031460002064704895,0,-0.009017000906169415,0.8967369794845581,0.44247204065322876,0,0.0009410002967342734,-0.44248202443122864,0.8967769742012024,0,-0.00009300000237999484,0.052212998270988464,0,1,0.9998059868812561,0.01639699935913086,0.010882000438869,0,-0.019679000601172447,0.8353809714317322,0.5493190288543701,0,-0.00008399999205721542,-0.5494269728660583,0.8355420231819153,0,0.00002300000051036477,0.05178099870681763,0,1,0.9180189967155457,0.24113506078720093,-0.3147939145565033,0,-0.18159203231334686,0.961372971534729,0.20685110986232758,0,0.352512925863266,-0.13272909820079803,0.9263460040092468,0,-0.0686660036444664,0.15241099894046783,-0.0018240000354126096,1,0.9999189972877502,0.011013999581336975,0.006424000486731529,0,-0.012663000263273716,0.7988719940185547,0.6013680100440979,0,0.001492000068537891,-0.6014000177383423,0.7989469766616821,0,-0.00009600000339560211,0.06865199655294418,0,1,0.9999110102653503,0.010569000616669655,0.008142000064253807,0,-0.013339000754058361,0.802827000617981,0.5960630178451538,0,-0.00023699968005530536,-0.5961179733276367,0.8028969764709473,0,-0.000048000001697801054,0.054106999188661575,0,1,-0.8886169195175171,-0.2554819881916046,0.38090410828590393,0,0.41157102584838867,-0.810684084892273,0.416412889957428,0,0.2024071365594864,0.5268009305000305,0.8255370259284973,0,0.23016299307346344,-0.14885400235652924,-0.03262300044298172,1,0.961296021938324,-0.27173399925231934,0.04550803080201149,0,0.21821704506874084,0.6500740647315979,-0.7278639674186707,0,0.16820195317268372,0.7096229195594788,0.6842100620269775,0,0,1.2287869453430176,0,1,0.9852570295333862,-0.1228170320391655,0.1190970167517662,0,-0.09295400232076645,0.2001190483570099,0.9753519892692566,0,-0.14362302422523499,-0.972042977809906,0.18575304746627808,0,0,1.0921239852905273,0,1,0.9959679841995239,0.025834999978542328,-0.0859059989452362,0,0.012462000362575054,0.908499002456665,0.41770100593566895,0,0.08883699774742126,-0.41708698868751526,0.9045140147209167,0,0,0.3138349950313568,0,1,-0.884207010269165,0.30011698603630066,-0.35791993141174316,0,-0.43562597036361694,-0.8063449859619141,0.40004804730415344,0,-0.1685459166765213,0.5096450448036194,0.8437150120735168,0,-0.23016299307346344,-0.14885400235652924,-0.033107999712228775,1,0.993628978729248,0.010816091671586037,0.11217604577541351,0,0.08156397193670273,0.6178610324859619,-0.7820459604263306,0,-0.07776810228824615,0.7862129211425781,0.6130420565605164,0,0,1.2288390398025513,0,1,0.9454330205917358,0.3257809281349182,-0.0048070321790874004,0,-0.008915990591049194,0.04061608016490936,0.9991350173950195,0,0.32569393515586853,-0.9445729851722717,0.041304077953100204,0,0,1.092283010482788,0,1,0.9967820048332214,-0.02195500023663044,0.07709500193595886,0,-0.011477000080049038,0.9127609729766846,0.4083330035209656,0,-0.07933399826288223,-0.4079039990901947,0.9095720052719116,0,0,0.32063600420951843,0,1
