7.467,30,224,65
B0,mixamorig_Hips,-1,0.1949911266565323,-0.058846939355134964,0.9788125157356262,0,-0.04575146362185478,0.9965649843215942,0.06899537891149521,0,-0.9795111417770386,-0.05826262757182121,0.19162951409816742,0,0.05949418619275093,1.281760811805725,0.08281796425580978,1
B1,mixamorig_Spine,0,0.9992552995681763,-0.005177251063287258,0.03790920600295067,0,0.0067812553606927395,0.999080240726471,-0.042268600314855576,0,-0.0376557856798172,0.04250510409474373,0.9983762502670288,0,0,0.27612000703811646,-0.027884000912308693,1
B2,mixamorig_Spine1,1,0.9961003661155701,0.046808477491140366,0.07414324581623077,0,-0.0547332838177681,0.9925616979598999,0.10874257236719131,0,-0.06850194185972214,-0.1123771071434021,0.9912531971931458,0,0,0.32377898693084717,0,1
B3,mixamorig_Spine2,2,0.996004581451416,0.046382296830415726,0.07566846907138824,0,-0.0544150210916996,0.9926780462265015,0.10783764719963074,0,-0.07011235505342484,-0.1115250214934349,0.9912360310554504,0,0,0.37003299593925476,0,1
B4,mixamorig_Neck,3,0.9916847944259644,-0.05876476317644119,-0.11445160210132599,0,0.08456287533044815,0.9681534171104431,0.23562422394752502,0,0.09696431457996368,-0.24334782361984253,0.9650785326957703,0,0,0.41628700494766235,0,1
B5,mixamorig_Head,4,0.8942727446556091,-0.08470707386732101,-0.4394233226776123,0,0.06643655151128769,0.9961662888526917,-0.05681457370519638,0,0.44254934787750244,0.021617885679006577,0.8964788317680359,0,0,0.108583003282547,0.041728001087903976,1
B6,mixamorig_HeadTop_End,5,1,0,0,0,0,1,0,0,0,0,1,0,0,0.7644780278205872,0.2937830090522766,1
B7,mixamorig_LeftShoulder,3,0.04269992932677269,0.029518596827983856,-0.9986511468887329,0,0.9848969578742981,-0.1690889447927475,0.037114467471838,0,-0.16776520013809204,-0.9851548671722412,-0.03628947213292122,0,0.15532100200653076,0.3630119860172272,0.012222000397741795,1
B8,mixamorig_LeftArm,7,0.17460891604423523,0.9410457611083984,-0.2896222770214081,0,-0.9838773608207703,0.15765579044818878,-0.08044804632663727,0,-0.02998954989016056,0.2991425693035126,0.9533947110176086,0,0,0.33604100346565247,0,1
B9,mixamorig_LeftForeArm,8,0.18902139365673065,0.6638926863670349,-0.7231665849685669,0,-0.9793779850006104,0.17443367838859558,-0.09585415571928024,0,0.06242873892188072,0.7263716459274292,0.683981716632843,0,0,0.4783959984779358,0,1
B10,mixamorig_LeftHand,9,0.48278510570526123,-0.2264409065246582,0.8440310955047607,0,0.11726299673318863,0.9737467765808105,0.19301410019397736,0,-0.8660463094711304,0.006998955272138119,0.4967811405658722,0,0,0.6728090047836304,0,1
B11,mixamorig_LeftHandThumb1,10,0.8808029890060425,0.47176000475883484,-0.040352001786231995,0,-0.4284825921058655,0.8304539918899536,0.3560180068016052,0,0.20146599411964417,-0.2962920069694519,0.9336069822311401,0,-0.0518609993159771,0.06962800025939941,0.018223000690340996,1
B12,mixamorig_LeftHandThumb2,11,0.975805401802063,-0.2176445871591568,-0.020844999700784683,0,0.2181989997625351,0.9633430242538452,0.15607300400733948,0,-0.013887000270187855,-0.15684500336647034,0.987525999546051,0,-0.005665000062435865,0.07074200361967087,0,1
B13,mixamorig_LeftHandThumb3,12,0.9996600151062012,-0.025649579241871834,0.004650000017136335,0,0.025516578927636147,0.9993169903755188,0.026722420006990433,0,-0.005332000087946653,-0.02659500017762184,0.9996320009231567,0,-0.000291000003926456,0.08889199793338776,0,1
B14,mixamorig_LeftHandThumb4,13,1,0,0,0,0,1,0,0,0,0,1,0,0.005954999942332506,0.08128800243139267,0,1
B15,mixamorig_LeftHandIndex1,10,0.9932489991188049,0.11598999798297882,-0.0014900000533089042,0,-0.11597199738025665,0.9932119846343994,0.00901199970394373,0,0.002524999901652336,-0.00877899955958128,0.9999579787254333,0,-0.07754600048065186,0.2526560127735138,0.0009340000106021762,1
B16,mixamorig_LeftHandIndex2,15,0.9999340176582336,-0.011493580415844917,0.00060299999313429,0,0.011493580415844917,0.9999340176582336,0.00000841998917167075,0,-0.00060299999313429,-0.0000014199885072230245,1,0,0.00014400000509340316,0.050321999937295914,0,1
B17,mixamorig_LeftHandIndex3,16,0.999767005443573,0.021587999537587166,0.0002680000034160912,0,-0.021587999537587166,0.999767005443573,-0.0000035800117075268645,0,-0.0002680000034160912,-0.0000019999999949504854,1,0,-0.0005469999741762877,0.05255899950861931,0,1
B18,mixamorig_LeftHandIndex4,17,1,0,0,0,0,1,0,0,0,0,1,0,0.0004030000127386302,0.03312399983406067,0,1
B19,mixamorig_LeftHandMiddle1,10,0.992330014705658,0.12361057847738266,-0.001276999944821,0,-0.12359499931335449,0.9922940135002136,0.008741999976336956,0,0.0023479999508708715,-0.008516999892890453,0.9999610185623169,0,-0.029544999822974205,0.255636990070343,0.0009190000128000975,1
B20,mixamorig_LeftHandMiddle2,19,0.9996230006217957,-0.027439000084996223,0.0011129999766126275,0,0.027439000084996223,0.9996230006217957,0.00029799999902024865,0,-0.0011210000375285745,-0.00026699999580159783,0.9999989867210388,0,0.00044999999227002263,0.05193300172686577,0,1
B21,mixamorig_LeftHandMiddle3,20,0.9996219873428345,0.027481000870466232,-0.0012309999438002706,0,-0.027481000870466232,0.9996219873428345,0.000011000000085914508,0,0.0012305800337344408,0.000022419990273192525,0.9999989867210388,0,-0.0007590000168420374,0.04496200010180473,0,1
B22,mixamorig_LeftHandMiddle4,21,1,0,0,0,0,1,0,0,0,0,1,0,0.00030899999546818435,0.030904000625014305,0,1
B23,mixamorig_LeftHandRing1,10,0.991828978061676,0.12751799821853638,-0.0038530000019818544,0,-0.1274794191122055,0.9918000102043152,0.009061579592525959,0,0.004976999945938587,-0.008496000431478024,0.9999520182609558,0,0.026247000321745872,0.2069700062274933,0.004399999976158142,1
B24,mixamorig_LeftHandRing2,23,0.9996560215950012,-0.02621299959719181,-0.00011000000085914508,0,0.02621299959719181,0.9996560215950012,-0.0000019999999949504854,0,0.00011000000085914508,-9.999999974752427e-7,1,0,0.0007929999846965075,0.05885399878025055,0,1
B25,mixamorig_LeftHandRing3,24,0.9999470114707947,0.010276000015437603,-0.000661000027321279,0,-0.010276000015437603,0.9999470114707947,-0.0000019999999949504854,0,0.000661000027321279,0.000007999999979801942,1,0,-0.0006549999816343188,0.055385999381542206,0,1
B26,mixamorig_LeftHandRing4,25,1,0,0,0,0,1,0,0,0,0,1,0,-0.00013800000306218863,0.042410001158714294,0,1
B27,mixamorig_LeftHandPinky1,10,0.9987930059432983,0.04912199825048447,-0.0003229999856557697,0,-0.04912199825048447,0.9987930059432983,0.0002010000025620684,0,0.00033258000621572137,-0.00018400000408291817,1,0,0.08084399998188019,0.1631850004196167,-0.0007120000082068145,1
B28,mixamorig_LeftHandPinky2,27,0.9981020092964172,0.06157999858260155,0.00016999999934341758,0,-0.06157900020480156,0.9980639815330505,0.008786999620497227,0,0.000371000001905486,-0.008779999800026417,0.9999610185623169,0,0.00036899998667649925,0.07058700174093246,0,1
B29,mixamorig_LeftHandPinky3,28,0.9999989867210388,0.001247999956831336,-9.999999974752427e-7,0,-0.001247999956831336,0.9999989867210388,-4.199885381694912e-7,0,9.999999974752427e-7,4.199885381694912e-7,1,0,-0.00024199999461416155,0.057342998683452606,0,1
B30,mixamorig_LeftHandPinky4,29,1,0,0,0,0,1,0,0,0,0,1,0,-0.00012700000661425292,0.044589001685380936,0,1
B31,mixamorig_RightShoulder,3,-0.018786422908306122,-0.026787100359797478,0.9994490146636963,0,-0.9730004072189331,-0.229452982544899,-0.02444268949329853,0,0.22997304797172546,-0.9729481935501099,-0.021759534254670143,0,-0.15532100200653076,0.36653101444244385,-0.0226259995251894,1
B32,mixamorig_RightArm,31,0.9428467750549316,-0.22475364804267883,-0.2446179836988449,0,0.33204004168510437,0.6217077970504761,0.70843505859375,0,-0.006498834118247032,-0.7498114109039307,0.6611169576644897,0,0,0.33604100346565247,0,1
B33,mixamorig_RightForeArm,32,-0.07333138585090637,-0.6589743494987488,0.7485817670822144,0,0.9473043084144592,0.18866635859012604,0.2588801383972168,0,-0.3118276298046112,0.7281187176704407,0.6104146242141724,0,0,0.4789640009403229,0,1
B34,mixamorig_RightHand,33,0.4573870599269867,0.20074555277824402,-0.866091787815094,0,-0.0012180658522993326,0.9740249514579773,0.2251625508069992,0,0.8892550468444824,-0.10196412354707718,0.4456695020198822,0,0,0.6762449741363525,0,1
B35,mixamorig_RightHandThumb1,34,0.8659719824790955,-0.49803900718688965,0.04526799917221069,0,0.45382601022720337,0.8206576108932495,0.3472220003604889,0,-0.21007899940013885,-0.2801409959793091,0.9366899728775024,0,0.05326100066304207,0.06752599775791168,0.016774000599980354,1
B36,mixamorig_RightHandThumb2,35,0.9408689737319946,0.3131774067878723,0.1291685849428177,0,-0.33708199858665466,0.8274530172348022,0.4491080045700073,0,0.03376999869942665,-0.46609199047088623,0.8840910196304321,0,0.004379999823868275,0.06996200233697891,0,1
B37,mixamorig_RightHandThumb3,36,0.9902154207229614,0.13740499317646027,0.024356000125408173,0,-0.13953599333763123,0.9727540016174316,0.18514500558376312,0,0.0017470000311732292,-0.1867319941520691,0.9824090003967285,0,-0.002179000061005354,0.08869100362062454,0,1
B38,mixamorig_RightHandThumb4,37,1,0,0,0,0,1,0,0,0,0,1,0,-0.002199999988079071,0.0872339978814125,0,1
B39,mixamorig_RightHandIndex1,34,0.9906169772148132,-0.13657699525356293,-0.004922000225633383,0,0.13659842312335968,0.9906169772148132,0.004402580205351114,0,0.004273999948054552,-0.005034000147134066,0.9999780058860779,0,0.07081200182437897,0.23078300058841705,0.004970999900251627,1
B40,mixamorig_RightHandIndex2,39,0.9998760223388672,0.015747999772429466,0.0004910000134259462,0,-0.015747999772429466,0.9998760223388672,-0.0000019999999949504854,0,-0.0004910000134259462,-0.000006000000212225132,1,0,-0.0006140000186860561,0.057861000299453735,0,1
B41,mixamorig_RightHandIndex3,40,0.9999979734420776,0.00184299994725734,-0.000014000000192027073,0,-0.00184299994725734,0.9999979734420776,-5.800114877274609e-7,0,0.000014000000192027073,5.800114877274609e-7,1,0,0.00026699999580159783,0.05571499839425087,0,1
B42,mixamorig_RightHandIndex4,41,1,0,0,0,0,1,0,0,0,0,1,0,0.00034699999378062785,0.041517000645399094,0,1
B43,mixamorig_RightHandMiddle1,34,0.9907670021057129,-0.1355644166469574,0.0015920000150799751,0,0.13555599749088287,0.9907600283622742,0.004468000028282404,0,-0.0021830000914633274,-0.004211000166833401,0.9999889731407166,0,0.031244000419974327,0.2449990063905716,0.0010689999908208847,1
B44,mixamorig_RightHandMiddle2,43,0.9998279809951782,0.018547000363469124,0.000009000000318337698,0,-0.018547000363469124,0.9998279809951782,-9.999999974752427e-7,0,-0.000009000000318337698,9.999999974752427e-7,1,0,-0.0005460000247694552,0.053686998784542084,0,1
B45,mixamorig_RightHandMiddle3,44,0.9999819993972778,-0.006032419856637716,0.0005339999916031957,0,0.006032419856637716,0.9999819993972778,-9.999999974752427e-7,0,-0.0005339999916031957,0.000003999999989900971,1,0,0.0004360000020824373,0.043334998190402985,0,1
B46,mixamorig_RightHandMiddle4,45,1,0,0,0,0,1,0,0,0,0,1,0,0.00011000000085914508,0.031213000416755676,0,1
B47,mixamorig_RightHandRing1,34,0.9912160038948059,-0.1322460025548935,-0.0013650000328198075,0,0.13225099444389343,0.9912059903144836,0.0044450000859797,0,0.0007650000043213367,-0.004586999770253897,0.9999889731407166,0,-0.025683000683784485,0.2202340066432953,-0.0017709999810904264,1
B48,mixamorig_RightHandRing2,47,0.9999480247497559,0.010212999768555164,0.00010299999848939478,0,-0.010212999768555164,0.9999480247497559,0,0,-0.00010299999848939478,-9.999999974752427e-7,1,0,-0.0002969999914057553,0.050221998244524,0,1
B49,mixamorig_RightHandRing3,48,0.9999989867210388,-0.0015119999879971147,-0.000022000000171829015,0,0.0015119999879971147,0.9999989867210388,0,0,0.000022000000171829015,0,1,0,0.00015700000221841037,0.04719800129532814,0,1
B50,mixamorig_RightHandRing4,49,1,0,0,0,0,1,0,0,0,0,1,0,0.00014000000373926014,0.03669999912381172,0,1
B51,mixamorig_RightHandPinky1,34,0.9911109805107117,-0.13285641372203827,0.006924579851329327,0,0.13282741606235504,0.9911289811134338,0.004499000031501055,0,-0.007460999768227339,-0.0035389999393373728,0.999966025352478,0,-0.07637199759483337,0.17497700452804565,0.0037980000488460064,1
B52,mixamorig_RightHandPinky2,51,0.9998260140419006,0.018651999533176422,-0.0007820000173524022,0,-0.018651999533176422,0.9998260140419006,0.000009999999747378752,0,0.0007820000173524022,0.0000045800115913152695,1,0,-0.00042799999937415123,0.060958001762628555,0,1
B53,mixamorig_RightHandPinky3,52,0.999888002872467,-0.01492858026176691,0.0011119999689981341,0,0.01492858026176691,0.9998890161514282,0.000003000000106112566,0,-0.0011119999689981341,0.000012999999853491317,0.9999989867210388,0,0.0005699999746866524,0.04962800070643425,0,1
B54,mixamorig_RightHandPinky4,53,1,0,0,0,0,1,0,0,0,0,1,0,-0.0001429999974789098,0.03528900071978569,0,1
B55,mixamorig_LeftUpLeg,0,-0.6130920052528381,-0.42385977506637573,0.666567862033844,0,0.7863832712173462,-0.40711337327957153,0.4644262492656708,0,0.0745517835021019,0.8090618848800659,0.582956850528717,0,0.2285650074481964,-0.15324099361896515,-0.024519000202417374,1
B56,mixamorig_LeftLeg,55,0.9656623005867004,-0.2554193437099457,-0.04736673831939697,0,0.08090043812990189,0.46898889541625977,-0.8792940378189087,0,0.24686995148658752,0.8452619314193726,0.4735549986362457,0,0,0.792464017868042,0,1
B57,mixamorig_LeftFoot,56,0.9456539154052734,-0.32254788279533386,-0.0411900095641613,0,0.13998627662658691,0.2895817458629608,0.946659505367279,0,-0.2933792173862457,-0.900995135307312,0.31899410486221313,0,0,0.6110100150108337,0,1
B58,mixamorig_LeftToeBase,57,0.999908983707428,-0.013507639989256859,-0.00005271981717669405,0,0.012409999966621399,0.9171124696731567,0.39843499660491943,0,-0.005334020126610994,-0.3983989953994751,0.9171964526176453,0,0,0.3167029917240143,0,1
B59,mixamorig_LeftToe_End,58,1,0,0,0,0,1,0,0,0,0,1,0,0,0.12363000214099884,0,1
B60,mixamorig_RightUpLeg,0,-0.6895508170127869,0.5304663181304932,-0.4930698871612549,0,-0.7101587653160095,-0.6283565759658813,0.3170897662639618,0,-0.14164820313453674,0.5688294768333435,0.8099852800369263,0,-0.2285650074481964,-0.15324099361896515,-0.025012999773025513,1
B61,mixamorig_RightLeg,60,0.9659727215766907,0.24379196763038635,0.08637823164463043,0,-0.08091634511947632,0.6020599007606506,-0.7943392992019653,0,-0.24565830826759338,0.7603210806846619,0.601300835609436,0,0,0.7926200032234192,0,1
B62,mixamorig_RightFoot,61,0.8571926951408386,0.5121583342552185,-0.0531952902674675,0,-0.02868691273033619,0.15078602731227875,0.9880265593528748,0,0.5139889121055603,-0.8455068469047546,0.14391694962978363,0,0,0.6109279990196228,0,1
B63,mixamorig_RightToeBase,62,0.9992470145225525,-0.000058000001445179805,0.038796842098236084,0,-0.01576342061161995,0.9131316542625427,0.4073602259159088,0,-0.03544984012842178,-0.4076652228832245,0.912442684173584,0,0,0.309673011302948,0,1
B64,mixamorig_RightToe_End,63,1,0,0,0,0,1,0,0,0,0,1,0,0,0.12220600247383118,0,1
@52,0,1,2,3,4,5,7,8,9,10,11,12,13,15,16,17,19,20,21,23,24,25,27,28,29,31,32,33,34,35,36,37,39,40,41,43,44,45,47,48,49,51,52,53,55,56,57,58,60,61,62,63
K0.000,0.07506199926137924,0.08171200007200241,0.9938250184059143,0,-0.05548800155520439,0.9954349994659424,-0.07765399664640427,0,-0.9956340193748474,-0.049316998571157455,0.07925300300121307,0,-0.016630999743938446,1.107354998588562,0.001998000079765916,1,0.9971230030059814,-0.07342799752950668,0.018810000270605087,0,0.07407999783754349,0.9965760111808777,-0.03672099858522415,0,-0.01604899950325489,0.038008999079465866,0.9991490244865417,0,0,0.27612000703811646,-0.027884000912308693,1,0.9952880144119263,-0.09339600056409836,0.026074999943375587,0,0.08959099650382996,0.9885780215263367,0.12118999660015106,0,-0.03709600120782852,-0.11828199774026871,0.9922869801521301,0,0,0.32377898693084717,0,1,0.9952279925346375,-0.09369499981403351,0.027256999164819717,0,0.08976799994707108,0.9886220097541809,0.12070000171661377,0,-0.0382549986243248,-0.1176770031452179,0.9923149943351746,0,0,0.37003299593925476,0,1,0.9979159832000732,0.05205800011754036,-0.03813299909234047,0,-0.04617299884557724,0.9888420104980469,0.14163100719451904,0,0.045079998672008514,-0.13957500457763672,0.9891849756240845,0,0,0.41628700494766235,0,1,0.9695169925689697,-0.06651599705219269,-0.23582099378108978,0,0.060391999781131744,0.997626006603241,-0.0331059992313385,0,0.23746399581432343,0.017854999750852585,0.971231997013092,0,0,0.108583003282547,0.041728001087903976,1,0.297868013381958,0.05800500139594078,-0.9528430104255676,0,0.9174469709396362,-0.29318100214004517,0.2689549922943115,0,-0.2637549936771393,-0.9542959928512573,-0.14054499566555023,0,0.15532100200653076,0.3630119860172272,0.012222000397741795,1,0.7390409708023071,0.6735870242118835,-0.009948999620974064,0,-0.5531589984893799,0.6152070164680481,0.5617250204086304,0,0.3844909965991974,-0.4096350073814392,0.8272640109062195,0,0,0.33604100346565247,0,1,0.715578019618988,0.191988006234169,-0.6716309785842896,0,-0.2832219898700714,0.95865398645401,-0.027720000594854355,0,0.6385400295257568,0.21005600690841675,0.7403669953346252,0,0,0.4783959984779358,0,1,-0.1593009978532791,-0.5610319972038269,0.8123220205307007,0,-0.7299410104751587,0.620934009552002,0.28570398688316345,0,-0.6646869778633118,-0.5474339723587036,-0.5084360241889954,0,0,0.6728090047836304,0,1,0.8808029890060425,0.47176000475883484,-0.040352001786231995,0,-0.4284830093383789,0.8304539918899536,0.3560180068016052,0,0.20146599411964417,-0.2962920069694519,0.9336069822311401,0,-0.0518609993159771,0.06962800025939941,0.018223000690340996,1,0.9758049845695496,-0.21764500439167023,-0.02084599994122982,0,0.2181989997625351,0.9633430242538452,0.1560720056295395,0,-0.013887000270187855,-0.15684500336647034,0.987525999546051,0,-0.005665000062435865,0.07074200361967087,0,1,0.9996600151062012,-0.025648999959230423,0.004650000017136335,0,0.025515999644994736,0.9993169903755188,0.026722999289631844,0,-0.005332000087946653,-0.02659500017762184,0.9996320009231567,0,-0.000291000003926456,0.08889199793338776,0,1,0.9932489991188049,0.11598999798297882,-0.0014900000533089042,0,-0.11597199738025665,0.9932119846343994,0.00901199970394373,0,0.002524999901652336,-0.008778000250458717,0.9999579787254333,0,-0.07754600048065186,0.2526560127735138,0.0009340000106021762,1,0.9999340176582336,-0.011493000201880932,0.00060299999313429,0,0.011493000201880932,0.9999340176582336,0.000006000000212225132,0,-0.00060299999313429,0,1,0,0.00014400000509340316,0.050321999937295914,0,1,0.999767005443573,0.021587999537587166,0.0002690000110305846,0,-0.021587999537587166,0.999767005443573,-0.000003999999989900971,0,-0.0002690000110305846,-0.0000019999999949504854,1,0,-0.0005469999741762877,0.05255899950861931,0,1,0.992330014705658,0.12361100316047668,-0.001276999944821,0,-0.12359499931335449,0.9922940135002136,0.008741999976336956,0,0.0023479999508708715,-0.008516999892890453,0.9999610185623169,0,-0.029544999822974205,0.255636990070343,0.0009190000128000975,1,0.9996230006217957,-0.027439000084996223,0.0011129999766126275,0,0.027439000084996223,0.9996230006217957,0.00029799999902024865,0,-0.0011210000375285745,-0.00026699999580159783,0.9999989867210388,0,0.00044999999227002263,0.05193300172686577,0,1,0.9996219873428345,0.027481000870466232,-0.0012309999438002706,0,-0.027481000870466232,0.9996219873428345,0.000011000000085914508,0,0.001230000052601099,0.00002300000051036477,0.9999989867210388,0,-0.0007590000168420374,0.04496200010180473,0,1,0.991828978061676,0.12751899659633636,-0.0038530000019818544,0,-0.12748000025749207,0.9918000102043152,0.009061000309884548,0,0.004976999945938587,-0.008496000431478024,0.9999520182609558,0,0.026247000321745872,0.2069700062274933,0.004399999976158142,1,0.9996560215950012,-0.02621299959719181,-0.00011000000085914508,0,0.02621299959719181,0.9996560215950012,-0.0000019999999949504854,0,0.00011000000085914508,0,1,0,0.0007929999846965075,0.05885399878025055,0,1,0.9999470114707947,0.010276000015437603,-0.000661000027321279,0,-0.010276000015437603,0.9999470114707947,-0.0000019999999949504854,0,0.000661000027321279,0.000009000000318337698,1,0,-0.0006549999816343188,0.055385999381542206,0,1,0.9987930059432983,0.04912199825048447,-0.0003229999856557697,0,-0.04912199825048447,0.9987930059432983,0.00019999999494757503,0,0.0003319999959785491,-0.00018400000408291817,1,0,0.08084399998188019,0.1631850004196167,-0.0007120000082068145,1,0.9981020092964172,0.06157999858260155,0.00016999999934341758,0,-0.06157900020480156,0.9980639815330505,0.008786999620497227,0,0.000371000001905486,-0.008779999800026417,0.9999610185623169,0,0.00036899998667649925,0.07058700174093246,0,1,0.9999989867210388,0.001247999956831336,0,0,-0.001247999956831336,0.9999989867210388,0,0,0,0,1,0,-0.00024199999461416155,0.057342998683452606,0,1,-0.3018909990787506,0.061344001442193985,0.9513670206069946,0,-0.933974027633667,-0.21916300058364868,-0.28224000334739685,0,0.19119100272655487,-0.9737579822540283,0.12345699965953827,0,-0.15532100200653076,0.36653101444244385,-0.0226259995251894,1,-0.10335300117731094,-0.8863570094108582,-0.45131900906562805,0,0.9875959753990173,-0.037526000291109085,-0.15246400237083435,0,0.11820200085639954,-0.46147799491882324,0.8792420029640198,0,0,0.33604100346565247,0,1,-0.11269500106573105,-0.6655189990997314,0.737824022769928,0,0.956712007522583,0.12785199284553528,0.26145100593566895,0,-0.26833298802375793,0.7353489995002747,0.6223009824752808,0,0,0.4789640009403229,0,1,0.4881869852542877,0.07833400368690491,-0.8692160248756409,0,-0.115557000041008,0.9929959774017334,0.024586999788880348,0,0.8650550246238708,0.08844099938869476,0.4938200116157532,0,0,0.6762449741363525,0,1,0.8659719824790955,-0.49803900718688965,0.04526799917221069,0,0.45382601022720337,0.8206570148468018,0.3472220003604889,0,-0.21007899940013885,-0.2801409959793091,0.9366899728775024,0,0.05326100066304207,0.06752599775791168,0.016774000599980354,1,0.9408689737319946,0.31317800283432007,0.12916900217533112,0,-0.33708199858665466,0.8274530172348022,0.4491080045700073,0,0.03376900032162666,-0.46609199047088623,0.8840910196304321,0,0.004379999823868275,0.06996200233697891,0,1,0.990215003490448,0.13740499317646027,0.024356000125408173,0,-0.13953599333763123,0.9727540016174316,0.18514500558376312,0,0.0017470000311732292,-0.1867319941520691,0.9824090003967285,0,-0.002179000061005354,0.08869100362062454,0,1,0.9906169772148132,-0.13657599687576294,-0.004922000225633383,0,0.13659800589084625,0.9906169772148132,0.004403000231832266,0,0.004275000188499689,-0.005034000147134066,0.9999780058860779,0,0.07081200182437897,0.23078300058841705,0.004970999900251627,1,0.9998760223388672,0.015747999772429466,0.0004910000134259462,0,-0.015747999772429466,0.9998760223388672,0,0,-0.0004910000134259462,-0.000007000000096013537,1,0,-0.0006140000186860561,0.057861000299453735,0,1,0.9999979734420776,0.00184299994725734,-0.000014000000192027073,0,-0.00184299994725734,0.9999979734420776,0,0,0.000014000000192027073,0,1,0,0.00026699999580159783,0.05571499839425087,0,1,0.9907670021057129,-0.13556399941444397,0.0015920000150799751,0,0.13555599749088287,0.9907600283622742,0.004468999803066254,0,-0.0021830000914633274,-0.0042119999416172504,0.9999889731407166,0,0.031244000419974327,0.2449990063905716,0.0010689999908208847,1,0.9998279809951782,0.018547000363469124,0.000009000000318337698,0,-0.018547000363469124,0.9998279809951782,0,0,-0.000009000000318337698,0,1,0,-0.0005460000247694552,0.053686998784542084,0,1,0.9999819993972778,-0.006033000070601702,0.0005339999916031957,0,0.006033000070601702,0.9999819993972778,0,0,-0.0005339999916031957,0.000003999999989900971,1,0,0.0004360000020824373,0.043334998190402985,0,1,0.9912160038948059,-0.1322460025548935,-0.0013650000328198075,0,0.13225099444389343,0.9912059903144836,0.0044450000859797,0,0.0007660000119358301,-0.004586999770253897,0.9999889731407166,0,-0.025683000683784485,0.2202340066432953,-0.0017709999810904264,1,0.9999480247497559,0.010212999768555164,0.00010299999848939478,0,-0.010212999768555164,0.9999480247497559,0,0,-0.00010299999848939478,-0.0000019999999949504854,1,0,-0.0002969999914057553,0.050221998244524,0,1,0.9999989867210388,-0.001512999995611608,-0.000022000000171829015,0,0.001512999995611608,0.9999989867210388,0,0,0.000022000000171829015,0,1,0,0.00015700000221841037,0.04719800129532814,0,1,0.9911109805107117,-0.13285599648952484,0.0069240001030266285,0,0.1328269988298416,0.9911289811134338,0.004499000031501055,0,-0.007460999768227339,-0.0035389999393373728,0.999966025352478,0,-0.07637199759483337,0.17497700452804565,0.0037980000488460064,1,0.9998260140419006,0.01865299977362156,-0.0007820000173524022,0,-0.01865299977362156,0.9998260140419006,0.000011000000085914508,0,0.0007820000173524022,0.000003999999989900971,1,0,-0.00042799999937415123,0.060958001762628555,0,1,0.999888002872467,-0.014929000288248062,0.0011119999689981341,0,0.014929000288248062,0.9998890161514282,0.000003999999989900971,0,-0.0011119999689981341,0.000012999999853491317,0.9999989867210388,0,0.0005699999746866524,0.04962800070643425,0,1,-0.5492839813232422,-0.4762209951877594,0.6866589784622192,0,0.8298029899597168,-0.4077709913253784,0.3809869885444641,0,0.09856600314378738,0.7790610194206238,0.6191509962081909,0,0.2285650074481964,-0.15324099361896515,-0.024519000202417374,1,0.9609940052032471,-0.2764819860458374,-0.006930999923497438,0,0.07161200046539307,0.27295899391174316,-0.9593570232391357,0,0.26713699102401733,0.9214400053024292,0.2821109890937805,0,0,0.792464017868042,0,1,0.9355019927024841,-0.3483000099658966,-0.05935699865221977,0,0.11816699802875519,0.1501069962978363,0.9815829992294312,0,-0.33297601342201233,-0.9252859950065613,0.18158400058746338,0,0,0.6110100150108337,0,1,0.999862015247345,-0.015974000096321106,0.004656000062823296,0,0.012670000083744526,0.9123470187187195,0.40922099351882935,0,-0.010785000398755074,-0.40910500288009644,0.9124230146408081,0,0,0.3167029917240143,0,1,-0.5418800115585327,0.6191580295562744,-0.5683389902114868,0,-0.828823983669281,-0.2815549969673157,0.4835059940814972,0,0.13934700191020966,0.7330549955368042,0.6657419800758362,0,-0.2285650074481964,-0.15324099361896515,-0.025012999773025513,1,0.9549850225448608,0.29495298862457275,-0.03173400089144707,0,-0.06474599987268448,0.10283999890089035,-0.9925879836082458,0,-0.2895030081272125,0.9499620199203491,0.11730799823999405,0,0,0.7926200032234192,0,1,0.9031260013580322,0.39229899644851685,0.17454099655151367,0,-0.16231699287891388,-0.06440500169992447,0.9846339821815491,0,0.3975130021572113,-0.9175800085067749,0.005510999821126461,0,0,0.6109279990196228,0,1,0.9992700219154358,0.0001140000022132881,0.03820199891924858,0,-0.015802999958395958,0.9116569757461548,0.410647988319397,0,-0.034779999405145645,-0.41095200181007385,0.9109929800033569,0,0,0.309673011302948,0,1
K0.033,0.02784559689462185,0.05732782557606697,0.997967004776001,0,-0.045960940420627594,0.9973719716072083,-0.05601184442639351,0,-0.9985550045967102,-0.04430795833468437,0.030406588688492775,0,-0.01549598854035139,1.1107850074768066,0.011691137216985226,1,0.9972389936447144,-0.07053397595882416,0.023234058171510696,0,0.07137497514486313,0.9967399835586548,-0.03762400522828102,0,-0.02050405740737915,0.039179008454084396,0.9990220069885254,0,0,0.27612000703811646,-0.027884000912308693,1,0.9955649971961975,-0.08535393327474594,0.0395621582865715,0,0.0800459086894989,0.9894850254058838,0.12047000229358673,0,-0.04942914471030235,-0.11676899343729019,0.991927981376648,0,0,0.32377898693084717,0,1,0.9954820275306702,-0.08567792922258377,0.04091815650463104,0,0.08024290949106216,0.9895510077476501,0.1197889968752861,0,-0.0507531501352787,-0.11596399545669556,0.9919559955596924,0,0,0.37003299593925476,0,1,0.9975709915161133,0.06576910614967346,-0.022934891283512115,0,-0.06196611374616623,0.9883530139923096,0.13899098336696625,0,0.03180890530347824,-0.1372319906949997,0.9900280237197876,0,0,0.41628700494766235,0,1,0.9727609753608704,-0.058422934263944626,-0.22432592511177063,0,0.055579956620931625,0.998274028301239,-0.01897389627993107,0,0.22504693269729614,0.005988911259919405,0.9743289947509766,0,0,0.108583003282547,0.041728001087903976,1,0.2872907221317291,0.05620896443724632,-0.9561930298805237,0,0.9208700656890869,-0.2908909320831299,0.25957775115966797,0,-0.26355695724487305,-0.9551039934158325,-0.1353318840265274,0,0.15532100200653076,0.3630119860172272,0.012222000397741795,1,0.7044057846069336,0.7097662091255188,-0.006703041959553957,0,-0.58389812707901,0.5848047733306885,0.5630860924720764,0,0.4035792648792267,-0.39272692799568176,0.826370894908905,0,0,0.33604100346565247,0,1,0.724839985370636,0.15727703273296356,-0.6707249879837036,0,-0.23201605677604675,0.9724469780921936,-0.02270800620317459,0,0.6486719846725464,0.17207904160022736,0.7413589954376221,0,0,0.4783959984779358,0,1,-0.1773063689470291,-0.5689212679862976,0.8030507564544678,0,-0.7824642658233643,0.5764067769050598,0.23559464514255524,0,-0.596918523311615,-0.5865870118141174,-0.5473614931106567,0,0,0.6728090047836304,0,1,0.8808029890060425,0.47176000475883484,-0.040352001786231995,0,-0.4284830093383789,0.8304539918899536,0.3560180068016052,0,0.20146599411964417,-0.2962920069694519,0.9336069822311401,0,-0.0518609993159771,0.06962800025939941,0.018223000690340996,1,0.9758059978485107,-0.21764400601387024,-0.02084599994122982,0,0.2181989997625351,0.9633439779281616,0.1560720056295395,0,-0.013887000270187855,-0.15684500336647034,0.987525999546051,0,-0.005665000062435865,0.07074200361967087,0,1,0.9996600151062012,-0.02565000019967556,0.004650000017136335,0,0.025516999885439873,0.9993169903755188,0.026722999289631844,0,-0.005332000087946653,-0.02659500017762184,0.9996320009231567,0,-0.000291000003926456,0.08889199793338776,0,1,0.9932489991188049,0.11598999798297882,-0.0014900000533089042,0,-0.11597199738025665,0.9932119846343994,0.00901199970394373,0,0.002524999901652336,-0.00877899955958128,0.9999579787254333,0,-0.07754600048065186,0.2526560127735138,0.0009340000106021762,1,0.9999340176582336,-0.011493000201880932,0.00060299999313429,0,0.011493000201880932,0.9999340176582336,0.000006000010216666851,0,-0.00060299999313429,0,1,0,0.00014400000509340316,0.050321999937295914,0,1,0.999767005443573,0.021587999537587166,0.0002680000034160912,0,-0.021587999537587166,0.999767005443573,-0.000003000000106112566,0,-0.0002680000034160912,-0.0000019999999949504854,1,0,-0.0005469999741762877,0.05255899950861931,0,1,0.992330014705658,0.1236099973320961,-0.001276999944821,0,-0.12359499931335449,0.9922940135002136,0.008741999976336956,0,0.0023479999508708715,-0.00851800013333559,0.9999610185623169,0,-0.029544999822974205,0.255636990070343,0.0009190000128000975,1,0.9996230006217957,-0.027439000084996223,0.0011129999766126275,0,0.027439000084996223,0.9996230006217957,0.00029799999902024865,0,-0.0011210000375285745,-0.00026699999580159783,0.9999989867210388,0,0.00044999999227002263,0.05193300172686577,0,1,0.9996219873428345,0.027481000870466232,-0.0012309999438002706,0,-0.027481000870466232,0.9996219873428345,0.000011000000085914508,0,0.001230000052601099,0.000022000000171829015,0.9999989867210388,0,-0.0007590000168420374,0.04496200010180473,0,1,0.991828978061676,0.12751799821853638,-0.0038530000019818544,0,-0.12747900187969208,0.9918000102043152,0.00906199961900711,0,0.004976999945938587,-0.008496000431478024,0.9999520182609558,0,0.026247000321745872,0.2069700062274933,0.004399999976158142,1,0.9996560215950012,-0.02621299959719181,-0.00011000000085914508,0,0.02621299959719181,0.9996560215950012,-0.0000019999999949504854,0,0.00011000000085914508,0,1,0,0.0007929999846965075,0.05885399878025055,0,1,0.9999470114707947,0.010276000015437603,-0.000661000027321279,0,-0.010276000015437603,0.9999470114707947,-0.0000010000100019169622,0,0.000661000027321279,0.000007999999979801942,1,0,-0.0006549999816343188,0.055385999381542206,0,1,0.9987930059432983,0.04912199825048447,-0.0003229999856557697,0,-0.04912199825048447,0.9987930059432983,0.0002010000025620684,0,0.0003319999959785491,-0.0001840000186348334,1,0,0.08084399998188019,0.1631850004196167,-0.0007120000082068145,1,0.9981020092964172,0.06157999858260155,0.00017099999240599573,0,-0.06157900020480156,0.9980639815330505,0.008786999620497227,0,0.000371000001905486,-0.008779999800026417,0.9999610185623169,0,0.00036899998667649925,0.07058700174093246,0,1,0.9999989867210388,0.001247999956831336,0,0,-0.001247999956831336,0.9999989867210388,0,0,0,0,1,0,-0.00024199999461416155,0.057342998683452606,0,1,-0.2914510667324066,0.06375805288553238,0.954459011554718,0,-0.937047004699707,-0.21966199576854706,-0.2714610695838928,0,0.19234998524188995,-0.9734899997711182,0.12376505881547928,0,-0.15532100200653076,0.36653101444244385,-0.0226259995251894,1,-0.06022464856505394,-0.8796228766441345,-0.47184327244758606,0,0.9880430102348328,0.01468035951256752,-0.15347884595394135,0,0.14193002879619598,-0.4754441976547241,0.868220865726471,0,0,0.33604100346565247,0,1,-0.09723977744579315,-0.6632569432258606,0.7420480847358704,0,0.9534599184989929,0.15173034369945526,0.2605629563331604,0,-0.2854112386703491,0.7328499555587769,0.6176339387893677,0,0,0.4789640009403229,0,1,0.4881649613380432,0.047092657536268234,-0.8714800477027893,0,-0.09083271771669388,0.9958620071411133,0.002933772513642907,0,0.8680120706558228,0.07772686332464218,0.49042195081710815,0,0,0.6762449741363525,0,1,0.8659719824790955,-0.49803900718688965,0.04526799917221069,0,0.45382699370384216,0.8206570148468018,0.3472220003604889,0,-0.21007899940013885,-0.2801400125026703,0.9366899728775024,0,0.05326100066304207,0.06752599775791168,0.016774000599980354,1,0.9408689737319946,0.3131769895553589,0.12916900217533112,0,-0.33708199858665466,0.8274530172348022,0.4491080045700073,0,0.03376900032162666,-0.46609199047088623,0.8840910196304321,0,0.004379999823868275,0.06996200233697891,0,1,0.990215003490448,0.13740499317646027,0.024356000125408173,0,-0.13953599333763123,0.9727540016174316,0.18514500558376312,0,0.0017470000311732292,-0.1867319941520691,0.9824090003967285,0,-0.002179000061005354,0.08869100362062454,0,1,0.9906169772148132,-0.13657699525356293,-0.004922000225633383,0,0.13659800589084625,0.9906169772148132,0.004401999991387129,0,0.004275000188499689,-0.005034000147134066,0.9999780058860779,0,0.07081200182437897,0.23078300058841705,0.004970999900251627,1,0.9998760223388672,0.015747999772429466,0.0004910000134259462,0,-0.015747999772429466,0.9998760223388672,-0.000001999989990508766,0,-0.0004910000134259462,-0.000006000010216666851,1,0,-0.0006140000186860561,0.057861000299453735,0,1,0.9999979734420776,0.00184299994725734,-0.000014000000192027073,0,-0.00184299994725734,0.9999979734420776,0,0,0.000014000000192027073,0,1,0,0.00026699999580159783,0.05571499839425087,0,1,0.9907670021057129,-0.13556399941444397,0.0015920000150799751,0,0.13555599749088287,0.9907600283622742,0.004468000028282404,0,-0.0021830000914633274,-0.004211000166833401,0.9999889731407166,0,0.031244000419974327,0.2449990063905716,0.0010689999908208847,1,0.9998279809951782,0.018547000363469124,0.000009000000318337698,0,-0.018547000363469124,0.9998279809951782,0,0,-0.000009000000318337698,0,1,0,-0.0005460000247694552,0.053686998784542084,0,1,0.9999819993972778,-0.006031999830156565,0.0005339999916031957,0,0.006031999830156565,0.9999819993972778,0,0,-0.0005339999916031957,0.000003999999989900971,1,0,0.0004360000020824373,0.043334998190402985,0,1,0.9912160038948059,-0.1322460025548935,-0.0013650000328198075,0,0.13225099444389343,0.9912059903144836,0.0044450000859797,0,0.0007660000119358301,-0.004585999995470047,0.9999889731407166,0,-0.025683000683784485,0.2202340066432953,-0.0017709999810904264,1,0.9999480247497559,0.010212999768555164,0.00010299999848939478,0,-0.010212999768555164,0.9999480247497559,0,0,-0.00010299999848939478,-0.0000019999799860670464,1,0,-0.0002969999914057553,0.050221998244524,0,1,0.9999989867210388,-0.0015119999879971147,-0.000022000000171829015,0,0.0015119999879971147,0.9999989867210388,0,0,0.000022000000171829015,0,1,0,0.00015700000221841037,0.04719800129532814,0,1,0.9911109805107117,-0.13285699486732483,0.0069240001030266285,0,0.1328279972076416,0.9911289811134338,0.004499000031501055,0,-0.007460999768227339,-0.0035389999393373728,0.999966025352478,0,-0.07637199759483337,0.17497700452804565,0.0037980000488460064,1,0.9998260140419006,0.018651999533176422,-0.0007820000173524022,0,-0.018651999533176422,0.9998260140419006,0.000012999989849049598,0,0.0007820000173524022,0.0000010000200063586817,1,0,-0.00042799999937415123,0.060958001762628555,0,1,0.999888002872467,-0.014928000047802925,0.0011119999689981341,0,0.014928000047802925,0.9998890161514282,0.000003999999989900971,0,-0.0011119999689981341,0.000012999999853491317,0.9999989867210388,0,0.0005699999746866524,0.04962800070643425,0,1,-0.5285128355026245,-0.5162632465362549,0.6739039421081543,0,0.8444440960884094,-0.4011690020561218,0.3549337685108185,0,0.0871100053191185,0.7566608190536499,0.6479781866073608,0,0.2285650074481964,-0.15324099361896515,-0.024519000202417374,1,0.9627509713172913,-0.2703879773616791,0.00018105198978446424,0,0.06935998797416687,0.24632075428962708,-0.9667030572891235,0,0.2613399922847748,0.9307080507278442,0.2558997571468353,0,0,0.792464017868042,0,1,0.9355670213699341,-0.3509700298309326,-0.0391678661108017,0,0.08345174789428711,0.11195068061351776,0.9902030825614929,0,-0.34314706921577454,-0.929669976234436,0.13402661681175232,0,0,0.6110100150108337,0,1,0.9998660087585449,-0.01578700914978981,0.004280019085854292,0,0.012652001343667507,0.9122740030288696,0.40938499569892883,0,-0.010368021205067635,-0.40927600860595703,0.9123520255088806,0,0,0.3167029917240143,0,1,-0.5816582441329956,0.6025658845901489,-0.5464328527450562,0,-0.7998188138008118,-0.3012721538543701,0.5191582441329956,0,0.14820203185081482,0.7390190362930298,0.6571809649467468,0,-0.2285650074481964,-0.15324099361896515,-0.025012999773025513,1,0.9584559798240662,0.283799946308136,-0.028631940484046936,0,-0.06640302389860153,0.1243763193488121,-0.9900109171867371,0,-0.27740392088890076,0.9507830142974854,0.13805431127548218,0,0,0.7926200032234192,0,1,0.9073039889335632,0.38165897130966187,0.17645403742790222,0,-0.17914317548274994,-0.028787676244974136,0.9834020137786865,0,0.38040292263031006,-0.9238550066947937,0.04225235432386398,0,0,0.6109279990196228,0,1,0.9992660284042358,0.0000859994615893811,0.03830300271511078,0,-0.015798000618815422,0.9119070172309875,0.41009199619293213,0,-0.034894004464149475,-0.410396009683609,0.9112390279769897,0,0,0.309673011302948,0,1
