0.733,30,21,65
B0,mixamorig_Hips,-1,0.992316484451294,-0.1038450375199318,0.06645871698856354,0,0.07407093793153763,0.9328243136405945,0.3525676429271698,0,-0.09862592816352844,-0.34496161341667175,0.9333452582359314,0,0.05284013971686363,5.633429050445557,-0.12053632736206055,1
B1,mixamorig_Spine,0,0.9882348775863647,0.06510675698518753,0.1373508870601654,0,-0.08558299392461777,0.9849965572357178,0.149675190448761,0,-0.12553098797798157,-0.15962083637714386,0.9789992570877075,0,0,0.68504399061203,-0.04124800115823746,1
B2,mixamorig_Spine1,1,0.9993874430656433,0.006018693093210459,0.03418469801545143,0,-0.007114307954907417,0.9994445443153381,0.03239181265234947,0,-0.03396667540073395,-0.03260952606797218,0.9988767504692078,0,0,0.8006659746170044,0,1
B3,mixamorig_Spine2,2,0.9993914365768433,0.0060349744744598866,0.03406167030334473,0,-0.007126112934201956,0.9994455575942993,0.032366275787353516,0,-0.033843643963336945,-0.032583482563495636,0.9988821744918823,0,0,0.9150469899177551,0,1
B4,mixamorig_Neck,3,0.9996774792671204,0.025212939828634262,-0.0003541236510500312,0,-0.025202438235282898,0.9986347556114197,-0.045673806220293045,0,-0.0007965608383528888,0.04567183926701546,0.998955249786377,0,0,1.0294270515441895,0,1
B5,mixamorig_Head,4,0.9699238538742065,-0.03597245365381241,-0.24007783830165863,0,-0.0625227838754654,0.9182745814323425,-0.3906419575214386,0,0.2346605807542801,0.3941122591495514,0.8884732723236084,0,0,0.299795001745224,0.14210399985313416,1
B6,mixamorig_HeadTop_End,5,1,0,0,0,0,1,0,0,0,0,1,0,0,1.4466639757156372,0.6857240200042725,1
B7,mixamorig_LeftShoulder,3,0.0492573119699955,0.008410777896642685,-0.9986985325813293,0,0.9508665204048157,-0.3059004843235016,0.04436082765460014,0,-0.30514150857925415,-0.9519160985946655,-0.022922934964299202,0,0.37749800086021423,0.8989310264587402,-0.006738000083714724,1
B8,mixamorig_LeftArm,7,0.990561306476593,0.09554632753133774,-0.026462456211447716,0,-0.054427552968263626,0.7745029926300049,0.6222986578941345,0,0.07577727735042572,-0.6223739981651306,0.7743412256240845,0,0,0.7977359890937805,0,1
B9,mixamorig_LeftForeArm,8,-0.04025597870349884,0.6033036112785339,-0.7943370938301086,0,-0.9942037463188171,-0.004673026967793703,0.0468352772295475,0,0.024810517206788063,0.7916176915168762,0.6056523323059082,0,0,1.3464269638061523,0,1
B10,mixamorig_LeftHand,9,0.6989901661872864,0.26602762937545776,0.6636742949485779,0,0.20827730000019073,0.8119911551475525,-0.5448123216629028,0,-0.6841164827346802,0.5190669894218445,0.5121135711669922,0,0,1.9011919498443604,0,1
B11,mixamorig_LeftHandThumb1,10,0.9122920036315918,0.37821948528289795,-0.15707500278949738,0,-0.3702490031719208,0.9256200194358826,0.07838249206542969,0,0.17503699660301208,-0.013350999914109707,0.9844710230827332,0,-0.11861400306224823,0.07873599976301193,0.029997000470757484,1
B12,mixamorig_LeftHandThumb2,11,0.9532633423805237,-0.2841416001319885,0.10252486169338226,0,0.22674819827079773,0.897341251373291,0.3785834014415741,0,-0.19958710670471191,-0.33763420581817627,0.9198660254478455,0,-0.034887999296188354,0.11104299873113632,0,1
B13,mixamorig_LeftHandThumb3,12,0.6739713549613953,0.45498210191726685,-0.5807715654373169,0,-0.6913374066352844,0.6656862497329712,-0.2801131308078766,0,0.25869277119636536,0.5907958745956421,0.7633943557739258,0,0.006587999872863293,0.1529659926891327,0,1
B14,mixamorig_LeftHandThumb4,13,1,0,0,0,0,1,0,0,0,0,1,0,0.028300000354647636,0.1451829969882965,0,1
B15,mixamorig_LeftHandIndex1,10,0.9593281149864197,0.2803528904914856,-0.032115399837493896,0,-0.2674312889575958,0.9395633339881897,0.2136705219745636,0,0.09010016173124313,-0.1964227557182312,0.9763601422309875,0,-0.16239400207996368,0.48920899629592896,0.003900999901816249,1
B16,mixamorig_LeftHandIndex2,15,0.9853578805923462,-0.13114219903945923,-0.1089545339345932,0,0.1255510151386261,0.1257818341255188,0.9840582013130188,0,-0.11535266786813736,-0.9833285808563232,0.14040644466876984,0,0.0007399999885819852,0.11603499948978424,0,1
B17,mixamorig_LeftHandIndex3,16,0.9968312978744507,-0.0761648565530777,-0.022916296496987343,0,0.07696982473134995,0.8511526584625244,0.5191781520843506,0,-0.020046766847372055,-0.5192967653274536,0.8543188571929932,0,0.000060999998822808266,0.10590799897909164,0,1
B18,mixamorig_LeftHandIndex4,17,1,0,0,0,0,1,0,0,0,0,1,0,-0.0008009999874047935,0.07963400334119797,0,1
B19,mixamorig_LeftHandMiddle1,10,0.9888758063316345,0.1188139095902443,0.08865788578987122,0,-0.14749641716480255,0.7273485064506531,0.6699453592300415,0,0.015302212908864021,-0.675665020942688,0.7368816137313843,0,-0.05575200170278549,0.5028749704360962,-0.0012000000569969416,1
B20,mixamorig_LeftHandMiddle2,19,0.9890874028205872,-0.12335178256034851,-0.08056290447711945,0,0.12356627732515335,0.3967525064945221,0.9095692038536072,0,-0.08023341000080109,-0.9095982313156128,0.40766462683677673,0,0.0005130000063218176,0.11693499982357025,0,1
B21,mixamorig_LeftHandMiddle3,20,0.9969900250434875,-0.07289989292621613,-0.026308035477995872,0,0.07397716492414474,0.7941033244132996,0.6030145883560181,0,-0.023106103762984276,-0.6031456589698792,0.7971113324165344,0,-0.0005039999959990382,0.10652100294828415,0,1
B22,mixamorig_LeftHandMiddle4,21,1,0,0,0,0,1,0,0,0,0,1,0,-0.000009000000318337698,0.09100800007581711,0,1
B23,mixamorig_LeftHandRing1,10,0.9998840689659119,0.008404075168073177,0.010337027721107006,0,-0.013325266540050507,0.6245178580284119,0.7808204889297485,0,0.00016593703185208142,-0.7809111475944519,0.6245881915092468,0,0.050574999302625656,0.4728190004825592,-0.011254999786615372,1
B24,mixamorig_LeftHandRing2,23,0.9867504835128784,-0.12925398349761963,-0.09805989265441895,0,0.13093678653240204,0.2775608003139496,0.9517261385917664,0,-0.0958014652132988,-0.9519561529159546,0.2908083200454712,0,-0.000028000000384054147,0.12418899685144424,0,1
B25,mixamorig_LeftHandRing3,24,0.997356116771698,-0.06957431882619858,-0.020803509280085564,0,0.06947673857212067,0.8311111927032471,0.5513665676116943,0,-0.02112712152302265,-0.5513540506362915,0.8337555527687073,0,-0.00031800000579096377,0.12166900187730789,0,1
B26,mixamorig_LeftHandRing4,25,1,0,0,0,0,1,0,0,0,0,1,0,0.0003459999861661345,0.10200099647045135,0,1
B27,mixamorig_LeftHandPinky1,10,0.9997732043266296,-0.010831812396645546,0.010128856636583805,0,-0.0026492448523640633,0.5440497398376465,0.8388867974281311,0,-0.014717631973326206,-0.8388508558273315,0.5440727472305298,0,0.16756999492645264,0.42751801013946533,-0.0018850000342354178,1
B28,mixamorig_LeftHandPinky2,27,0.9923027157783508,-0.11107120662927628,-0.054760195314884186,0,0.10861410200595856,0.5682184100151062,0.8156591653823853,0,-0.059484414756298065,-0.8153281807899475,0.5759091973304749,0,0.0006689999718219042,0.15912799537181854,0,1
B29,mixamorig_LeftHandPinky3,28,0.995873212814331,-0.08589749783277512,-0.02910117246210575,0,0.08673427999019623,0.8084825873374939,0.5815461874008179,0,-0.02650836668908596,-0.581670343875885,0.8126078248023987,0,0.00022600000374950469,0.12114900350570679,0,1
B30,mixamorig_LeftHandPinky4,29,1,0,0,0,0,1,0,0,0,0,1,0,-0.0008950000046752393,0.104093998670578,0,1
B31,mixamorig_RightShoulder,3,0.08456096053123474,-0.008546526543796062,0.9963810443878174,0,-0.9368011355400085,-0.34044262766838074,0.07659610360860825,0,0.33855438232421875,-0.9398889541625977,-0.03682231158018112,0,-0.37749800086021423,0.8990659713745117,-0.008968999609351158,1
B32,mixamorig_RightArm,31,0.8490835428237915,0.248166024684906,0.4482640027999878,0,-0.45598411560058594,0.7618729472160339,0.44245606660842896,0,-0.23479440808296204,-0.5923208594322205,0.7701983451843262,0,0,0.7977359890937805,0,1
B33,mixamorig_RightForeArm,32,-0.018658369779586792,-0.5968210697174072,0.8018181920051575,0,0.9964631795883179,0.046705227345228195,0.05795211344957352,0,-0.07208865880966187,0.8000637292861938,0.5947472453117371,0,0,1.3467719554901123,0,1
B34,mixamorig_RightHand,33,0.8201484084129333,0.17678005993366241,-0.539901614189148,0,-0.17840589582920074,0.9824425578117371,0.0475681833922863,0,0.5389641523361206,0.0579967238008976,0.837266743183136,0,0,1.9000250101089478,0,1
B35,mixamorig_RightHandThumb1,34,0.9146029949188232,-0.4043540060520172,0.0003499999875202775,0,0.37945398688316345,0.8585820198059082,0.34474900364875793,0,-0.1397009938955307,-0.31517601013183594,0.9386950135231018,0,0.11044000089168549,0.0746299996972084,0.024421999230980873,1
B36,mixamorig_RightHandThumb2,35,0.958693265914917,0.2750522196292877,0.07226695865392685,0,-0.2838350236415863,0.9411775469779968,0.1832655519247055,0,-0.017596183344721794,-0.19619809091091156,0.9803994297981262,0,0.030925000086426735,0.10390400141477585,0,1
B37,mixamorig_RightHandThumb3,36,0.8323044180870056,-0.5525360107421875,0.03473329171538353,0,0.5469415187835693,0.8104821443557739,-0.2091006338596344,0,0.08766493201255798,0.19330598413944244,0.9769144058227539,0,0.0025160000659525394,0.15937800705432892,0,1
B38,mixamorig_RightHandThumb4,37,1,0,0,0,0,1,0,0,0,0,1,0,-0.03344099968671799,0.15626899898052216,0,1
B39,mixamorig_RightHandIndex1,34,0.997315526008606,-0.06865550577640533,-0.025076163932681084,0,0.06469137221574783,0.670038104057312,0.739445149898529,0,-0.03393857181072235,-0.7390979528427124,0.6726794242858887,0,0.15652599930763245,0.443107008934021,0.009692000225186348,1
B40,mixamorig_RightHandIndex2,39,0.9964373707771301,0.07433399558067322,0.039824891835451126,0,-0.0731087252497673,0.5260924100875854,0.8472502827644348,0,0.042032089084386826,-0.8471432328224182,0.5296530723571777,0,-0.00046800001291558146,0.12893900275230408,0,1
B41,mixamorig_RightHandIndex3,40,0.9984911680221558,0.05171166732907295,0.018475087359547615,0,-0.052516575902700424,0.8009453415870667,0.5964248180389404,0,0.016044730320572853,-0.5964953303337097,0.8024526834487915,0,0.00011000000085914508,0.12066999822854996,0,1
B42,mixamorig_RightHandIndex4,41,1,0,0,0,0,1,0,0,0,0,1,0,0.00035799999022856355,0.1029599979519844,0,1
B43,mixamorig_RightHandMiddle1,34,0.9775828719139099,-0.126583531498909,-0.16818340122699738,0,0.209607794880867,0.5119933485984802,0.833005964756012,0,-0.019347578287124634,-0.8496037721633911,0.5270606279373169,0,0.05274499952793121,0.48382800817489624,-0.006022999994456768,1
B44,mixamorig_RightHandMiddle2,43,0.9944632649421692,0.08251768350601196,0.06506691873073578,0,-0.08374974876642227,0.24836365878582,0.9650368094444275,0,0.06347290426492691,-0.9651427865028381,0.25389939546585083,0,-0.00004400000034365803,0.12575800716876984,0,1
B45,mixamorig_RightHandMiddle3,44,0.9974831938743591,0.06383504718542099,0.030855240300297737,0,-0.06363806128501892,0.6142017245292664,0.786577045917511,0,0.03126024082303047,-0.7865610718727112,0.616718053817749,0,0.0002209999947808683,0.11524499952793121,0,1
B46,mixamorig_RightHandMiddle4,45,1,0,0,0,0,1,0,0,0,0,1,0,-0.00017699999443721026,0.09112600237131119,0,1
B47,mixamorig_RightHandRing1,34,0.9984569549560547,-0.013287327252328396,-0.05390465259552002,0,0.05551479756832123,0.252278208732605,0.9660525321960449,0,0.000757903209887445,-0.9675549864768982,0.2526262700557709,0,-0.05200599879026413,0.4794189929962158,-0.012000000104308128,1
B48,mixamorig_RightHandRing2,47,0.9946659207344055,0.08294791728258133,0.06130347400903702,0,-0.08403914421796799,0.30721864104270935,0.9478687644004822,0,0.05979839712381363,-0.9479647874832153,0.31255123019218445,0,0.00005199999941396527,0.12687000632286072,0,1
B49,mixamorig_RightHandRing3,48,0.998378574848175,0.05371442437171936,0.018840646371245384,0,-0.05342743545770645,0.7700534462928772,0.6357370018959045,0,0.019640140235424042,-0.6357129812240601,0.7716749310493469,0,0.00014000000373926014,0.12043900042772293,0,1
B50,mixamorig_RightHandRing4,49,1,0,0,0,0,1,0,0,0,0,1,0,-0.00019200000679120421,0.10426300019025803,0,1
B51,mixamorig_RightHandPinky1,34,0.9958919286727905,0.08197760581970215,0.038058679550886154,0,-0.04309563338756561,0.06065110117197037,0.9972187876701355,0,0.07944857329130173,-0.9947769641876221,0.06395114213228226,0,-0.15726399421691895,0.4191020131111145,0.011191999539732933,1
B52,mixamorig_RightHandPinky2,51,0.9954687356948853,0.07721997052431107,0.05548969656229019,0,-0.07659541070461273,0.30536961555480957,0.9491440653800964,0,0.05634871497750282,-0.9490931034088135,0.30990034341812134,0,-0.0003699999942909926,0.15206600725650787,0,1
B53,mixamorig_RightHandPinky3,52,0.9962603449821472,0.07095315307378769,0.049302663654088974,0,-0.07297772169113159,0.38556578755378723,0.9197888374328613,0,0.04625263437628746,-0.9199468493461609,0.38930192589759827,0,0.0002010000025620684,0.12824800610542297,0,1
B54,mixamorig_RightHandPinky4,53,1,0,0,0,0,1,0,0,0,0,1,0,0.00016999999934341758,0.11399099975824356,0,1
B55,mixamorig_LeftUpLeg,0,-0.9876015782356262,-0.1264040619134903,0.09203308075666428,0,0.11127284914255142,-0.9783356785774231,-0.1594354659318924,0,0.10978821665048599,-0.14720290899276733,0.9803518652915955,0,0.5792359709739685,-0.38043200969696045,-0.058410998433828354,1
B56,mixamorig_LeftLeg,55,0.999127209186554,0.026447417214512825,0.011833409778773785,0,0.008175687864422798,0.3403621315956116,-0.9150111079216003,0,-0.029675425961613655,0.9142453074455261,0.340026319026947,0,0,3.0591208934783936,0,1
B57,mixamorig_LeftFoot,56,0.9829162955284119,-0.06465636193752289,0.172180637717247,0,-0.11399322748184204,0.5143293142318726,0.846834659576416,0,-0.14330007135868073,-0.8519952297210693,0.4981752038002014,0,0,2.6654000282287598,0,1
B58,mixamorig_LeftToeBase,57,0.999729335308075,-0.022904276847839355,0.0028249812312424183,0,0.019719198346138,0.9132981300354004,0.40637534856796265,0,-0.011896119453012943,-0.40620824694633484,0.913503110408783,0,0,0.7838420271873474,0,1
B59,mixamorig_LeftToe_End,58,1,0,0,0,0,1,0,0,0,0,1,0,0,0.3033599853515625,0,1
B60,mixamorig_RightUpLeg,0,-0.9985496997833252,-0.03742850199341774,0.036138784140348434,0,0.04784207046031952,-0.3997725546360016,0.9144523739814758,0,-0.019301675260066986,0.9150450229644775,0.40095871686935425,0,-0.5792359709739685,-0.38043200969696045,-0.06228699907660484,1
B61,mixamorig_RightLeg,60,0.9950771927833557,0.017206182703375816,-0.09243069589138031,0,-0.07772600650787354,0.7170500755310059,-0.6882153749465942,0,0.05636502057313919,0.6921427845954895,0.7154595851898193,0,0,3.0592141151428223,0,1
B62,mixamorig_RightFoot,61,0.9803131222724915,0.08506296575069427,-0.1726081520318985,0,0.1396307647228241,0.30399075150489807,0.942145049571991,0,0.13284943997859955,-0.9478661417961121,0.2870193421840668,0,0,2.6652939319610596,0,1
B63,mixamorig_RightToeBase,62,0.9997258186340332,0.022926663979887962,0.004035560879856348,0,-0.022771449759602547,0.9304785132408142,0.36527392268180847,0,0.004626439884305,-0.3652648329734802,0.9307461977005005,0,0,0.7752379775047302,0,1
B64,mixamorig_RightToe_End,63,1,0,0,0,0,1,0,0,0,0,1,0,0,0.30570998787879944,0,1
@52,0,1,2,3,4,5,7,8,9,10,11,12,13,15,16,17,19,20,21,23,24,25,27,28,29,31,32,33,34,35,36,37,39,40,41,43,44,45,47,48,49,51,52,53,55,56,57,58,60,61,62,63
K0.000,0.9514660239219666,-0.15609100461006165,0.26523199677467346,0,0.04872100055217743,0.927361011505127,0.37098199129104614,0,-0.3038719892501831,-0.340054988861084,0.8899580240249634,0,-0.009081999771296978,5.385307788848877,-0.009600999765098095,1,0.9793429970741272,0.0610789991915226,-0.1927579939365387,0,-0.020857999101281166,0.978717029094696,0.20415399968624115,0,0.20112499594688416,-0.19591599702835083,0.9597740173339844,0,0,0.68504399061203,-0.04124800115823746,1,0.998511016368866,0.016736000776290894,-0.051920998841524124,0,-0.015696000307798386,0.9996690154075623,0.020380999892950058,0,0.05224499851465225,-0.01953599974513054,0.9984430074691772,0,0,0.8006659746170044,0,1,0.9985520243644714,0.016356000676751137,-0.05124400183558464,0,-0.015297999605536461,0.9996629953384399,0.02097400091588497,0,0.051569998264312744,-0.020160000771284103,0.9984660148620605,0,0,0.9150469899177551,0,1,0.9992690086364746,0.025776000693440437,0.028219999745488167,0,-0.02375900000333786,0.9972910284996033,-0.0696140006184578,0,-0.029937999323010445,0.06889300048351288,0.9971749782562256,0,0,1.0294270515441895,0,1,0.9948019981384277,-0.0925770029425621,-0.042410001158714294,0,0.06650599837303162,0.9060720205307007,-0.41786301136016846,0,0.07711099833250046,0.41287100315093994,0.9075199961662292,0,0,0.299795001745224,0.14210399985313416,1,-0.06810799986124039,0.011862999759614468,-0.9976069927215576,0,0.9610170125961304,-0.26779499650001526,-0.06879399716854095,0,-0.2679699957370758,-0.9634029865264893,0.006839000154286623,0,0.37749800086021423,0.8989310264587402,-0.006738000083714724,1,0.6737750172615051,-0.3526090085506439,-0.6493790149688721,0,0.7358270287513733,0.40070000290870667,0.5458930134773254,0,0.0677189975976944,-0.8456400036811829,0.5294409990310669,0,0,0.7977359890937805,0,1,0.21219199895858765,0.5522410273551941,-0.8062289953231812,0,-0.9100540280342102,0.41226598620414734,0.042872000485658646,0,0.35605600476264954,0.7246149778366089,0.5900480151176453,0,0,1.3464269638061523,0,1,0.7645689845085144,0.10190100222826004,0.6364359855651855,0,0.14271199703216553,0.9361510276794434,-0.32133299112319946,0,-0.6285439729690552,0.33650800585746765,0.7012090086936951,0,0,1.9011919498443604,0,1,0.912293016910553,0.37821900844573975,-0.15707500278949738,0,-0.3702490031719208,0.9256200194358826,0.07838200032711029,0,0.17503699660301208,-0.013350999914109707,0.9844710230827332,0,-0.11861400306224823,0.07873599976301193,0.029997000470757484,1,0.9882040023803711,-0.12657800316810608,0.08619800209999084,0,0.09530500322580338,0.9489070177078247,0.300819993019104,0,-0.11987099796533585,-0.2890560030937195,0.9497780203819275,0,-0.034887999296188354,0.11104299873113632,0,1,0.8301069736480713,0.46667900681495667,-0.30517899990081787,0,-0.5443959832191467,0.7967079877853394,-0.26246801018714905,0,0.12065000087022781,0.3840149939060211,0.9154099822044373,0,0.006587999872863293,0.1529659926891327,0,1,0.9584800004959106,0.2768320143222809,0.0684100016951561,0,-0.27490198612213135,0.8332570195198059,0.4796989858150482,0,0.07579299807548523,-0.4785880148410797,0.8747619986534119,0,-0.16239400207996368,0.48920899629592896,0.003900999901816249,1,0.9863799810409546,-0.12980900704860687,-0.1010190024971962,0,0.12464799731969833,0.18919000029563904,0.9739969968795776,0,-0.10732100158929825,-0.9733229875564575,0.20279300212860107,0,0.0007399999885819852,0.11603499948978424,0,1,0.9969969987869263,-0.0743589997291565,-0.021629000082612038,0,0.07509800046682358,0.8601909875869751,0.5044130086898804,0,-0.01890300028026104,-0.5045220255851746,0.8631920218467712,0,0.000060999998822808266,0.10590799897909164,0,1,0.9942700266838074,0.07795599848031998,0.0731389969587326,0,-0.10641799867153168,0.6573259830474854,0.746055006980896,0,0.010083000175654888,-0.749563992023468,0.6618549823760986,0,-0.05575200170278549,0.5028749704360962,-0.0012000000569969416,1,0.989175021648407,-0.12308599799871445,-0.07989200204610825,0,0.12329799681901932,0.40196898579597473,0.9073140025138855,0,-0.07956299930810928,-0.9073429703712463,0.41279399394989014,0,0.0005130000063218176,0.11693499982357025,0,1,0.9975820183753967,-0.06609699875116348,-0.0214610006660223,0,0.06698600202798843,0.8323699831962585,0.5501570105552673,0,-0.01850000023841858,-0.5502640008926392,0.8347859978675842,0,-0.0005039999959990382,0.10652100294828415,0,1,0.9975529909133911,0.0433959998190403,0.05480999872088432,0,-0.06990800052881241,0.6152430176734924,0.7852320075035095,0,0.0003549999964889139,-0.7871419787406921,0.6167709827423096,0,0.050574999302625656,0.4728190004825592,-0.011254999786615372,1,0.9857900142669678,-0.13098099827766418,-0.10517899692058563,0,0.13279199600219727,0.224139004945755,0.9654679894447327,0,-0.1028830036520958,-0.9657149910926819,0.23834699392318726,0,-0.000028000000384054147,0.12418899685144424,0,1,0.9981080293655396,-0.0596110001206398,-0.015052000060677528,0,0.059537000954151154,0.8760179877281189,0.4785900115966797,0,-0.015343000181019306,-0.4785799980163574,0.8779100179672241,0,-0.00031800000579096377,0.12166900187730789,0,1,0.9996910095214844,0.010091000236570835,0.022732000797986984,0,-0.024589000269770622,0.5382949709892273,0.8423969745635986,0,-0.0037360000424087048,-0.8426960110664368,0.5383769869804382,0,0.16756999492645264,0.42751801013946533,-0.0018850000342354178,1,0.9917230010032654,-0.11401499807834625,-0.059050001204013824,0,0.11136200278997421,0.5348600149154663,0.8375700116157532,0,-0.06391199678182602,-0.8372129797935486,0.543129026889801,0,0.0006689999718219042,0.15912799537181854,0,1,0.9962649941444397,-0.08228100091218948,-0.026177000254392624,0,0.08299999684095383,0.8290380239486694,0.5529980063438416,0,-0.023800000548362732,-0.5531049966812134,0.8327710032463074,0,0.00022600000374950469,0.12114900350570679,0,1,0.15416599810123444,-0.0011709999525919557,0.988044023513794,0,-0.9109619855880737,-0.3873960077762604,0.14168000221252441,0,0.38259899616241455,-0.9219130277633667,-0.06078999862074852,0,-0.37749800086021423,0.8990659713745117,-0.008968999609351158,1,0.8689129948616028,-0.3085249960422516,-0.3870440125465393,0,0.47685399651527405,0.7313929796218872,0.4875189960002899,0,0.13266900181770325,-0.6081749796867371,0.7826380133628845,0,0,0.7977359890937805,0,1,-0.1644420027732849,-0.5861489772796631,0.7933400273323059,0,0.9786450266838074,-0.19752000272274017,0.056915998458862305,0,0.12334000319242477,0.7857580184936523,0.6061130166053772,0,0,1.3467719554901123,0,1,0.9439510107040405,-0.05776999890804291,-0.32499098777770996,0,-0.006852000020444393,0.9809250235557556,-0.19426800310611725,0,0.33001500368118286,0.1856060028076172,0.9255489706993103,0,0,1.9000250101089478,0,1,0.9146029949188232,-0.4043540060520172,0.0003499999875202775,0,0.37945398688316345,0.8585820198059082,0.34474900364875793,0,-0.13970200717449188,-0.31517499685287476,0.9386950135231018,0,0.11044000089168549,0.0746299996972084,0.024421999230980873,1,0.9761229753494263,0.19929200410842896,0.08640500158071518,0,-0.21029099822044373,0.9666630029678345,0.1460849940776825,0,-0.05441100150346756,-0.16076700389385223,0.9854909777641296,0,0.030925000086426735,0.10390400141477585,0,1,0.8235380053520203,-0.5615530014038086,0.0802680030465126,0,0.5634139776229858,0.7932729721069336,-0.23083099722862244,0,0.06594999879598618,0.2353229969739914,0.9696769714355469,0,0.0025160000659525394,0.15937800705432892,0,1,0.9934589862823486,-0.08118300139904022,-0.0802989974617958,0,0.10989899933338165,0.4889009892940521,0.8653889894485474,0,-0.03099600039422512,-0.8685529828071594,0.494625985622406,0,0.15652599930763245,0.443107008934021,0.009692000225186348,1,0.996159017086029,0.07621999830007553,0.043095000088214874,0,-0.07487999647855759,0.4864870011806488,0.8704730272293091,0,0.045382000505924225,-0.8703569769859314,0.4903259873390198,0,-0.00046800001291558146,0.12893900275230408,0,1,0.9986280202865601,0.04959699884057045,0.016797000542283058,0,-0.050317998975515366,0.8200920224189758,0.570015013217926,0,0.014495999552309513,-0.5700780153274536,0.8214629888534546,0,0.00011000000085914508,0.12066999822854996,0,1,0.9969559907913208,-0.04761999845504761,-0.0617390014231205,0,0.07666900008916855,0.45468300580978394,0.8873479962348938,0,-0.014183999970555305,-0.8893799781799316,0.45694899559020996,0,0.05274499952793121,0.48382800817489624,-0.006022999994456768,1,0.9949129819869995,0.08108799904584885,0.059776000678539276,0,-0.08221399784088135,0.3106440007686615,0.9469640254974365,0,0.05821799859404564,-0.9470610022544861,0.3157309889793396,0,-0.00004400000034365803,0.12575800716876984,0,1,0.9971889853477478,0.06657399982213974,0.034366998821496964,0,-0.06635700166225433,0.5718299746513367,0.81768399477005,0,0.03478499874472618,-0.8176670074462891,0.5746399760246277,0,0.0002209999947808683,0.11524499952793121,0,1,0.9960939884185791,-0.018101999536156654,-0.08642499893903732,0,0.08827699720859528,0.22671300172805786,0.9699530005455017,0,0.0020359999034553766,-0.9737930297851562,0.2274249941110611,0,-0.05200599879026413,0.4794189929962158,-0.012000000104308128,1,0.9939349889755249,0.08511900156736374,0.06963100284337997,0,-0.08636300265789032,0.21216900646686554,0.9734089970588684,0,0.06808199733495712,-0.9735190272331238,0.21823400259017944,0,0.00005199999941396527,0.12687000632286072,0,1,0.9979910254478455,0.05891500040888786,0.023287000134587288,0,-0.05856800079345703,0.7179530262947083,0.6936230063438416,0,0.024145999923348427,-0.6935939788818359,0.7199620008468628,0,0.00014000000373926014,0.12043900042772293,0,1,0.9993069767951965,-0.007193000055849552,-0.03651599958539009,0,0.037181999534368515,0.14991800487041473,0.9879990220069885,0,-0.0016319999704137444,-0.9886720180511475,0.15008099377155304,0,-0.15726399421691895,0.4191020131111145,0.011191999539732933,1,0.9945260286331177,0.07979799807071686,0.06745699793100357,0,-0.07901400327682495,0.15188799798488617,0.9852340221405029,0,0.06837400048971176,-0.9851710200309753,0.15736199915409088,0,-0.0003699999942909926,0.15206600725650787,0,1,0.995855987071991,0.0727899968624115,0.05451599881052971,0,-0.07503499835729599,0.3189679980278015,0.9447900056838989,0,0.05138299986720085,-0.9449660181999207,0.3231079876422882,0,0.0002010000025620684,0.12824800610542297,0,1,-0.9289609789848328,-0.1532440036535263,0.33696800470352173,0,0.3693000078201294,-0.446276992559433,0.8151410222053528,0,0.02546600066125393,0.8816760182380676,0.4711669981479645,0,0.5792359709739685,-0.38043200969696045,-0.058410998433828354,1,0.9978830218315125,-0.05352000147104263,0.036959998309612274,0,-0.0014750000555068254,-0.5867170095443726,-0.8097910284996033,0,0.06502500176429749,0.8080220222473145,-0.585552990436554,0,0,3.0591208934783936,0,1,0.9594529867172241,0.18478800356388092,0.21284699440002441,0,-0.2247619926929474,0.045878998935222626,0.9733330011367798,0,0.17009499669075012,-0.981706976890564,0.08555199950933456,0,0,2.6654000282287598,0,1,0.999442994594574,-0.030414000153541565,0.013748999685049057,0,0.02006799913942814,0.876725971698761,0.480571985244751,0,-0.026669999584555626,-0.48002898693084717,0.8768470287322998,0,0,0.7838420271873474,0,1,-0.9994310140609741,-0.02420100010931492,0.023479999974370003,0,0.03217099979519844,-0.8929389715194702,0.4490259885787964,0,0.010099000297486782,0.44952601194381714,0.8932099938392639,0,-0.5792359709739685,-0.38043200969696045,-0.06228699907660484,1,0.9877840280532837,0.11921600252389908,0.10034699738025665,0,0.02117599919438362,0.5352969765663147,-0.844398021697998,0,-0.15438100695610046,0.8362089991569519,0.526233971118927,0,0,3.0592141151428223,0,1,0.9834259748458862,0.13737300038337708,-0.11832600086927414,0,0.15093499422073364,-0.25870299339294434,0.9540920257568359,0,0.10045500099658966,-0.9561390280723572,-0.27515000104904175,0,0,2.6652939319610596,0,1,0.9987580180168152,0.04374999925494194,-0.02382499910891056,0,-0.022991999983787537,0.8291000127792358,0.5586270093917847,0,0.044192999601364136,-0.5573859810829163,0.8290770053863525,0,0,0.7752379775047302,0,1
K0.033,0.9668751955032349,-0.07681600749492645,0.24341726303100586,0,-0.01608870178461075,0.9334048628807068,0.35846418142318726,0,-0.25474193692207336,-0.35050636529922485,0.9012501239776611,0,0.021282128989696503,5.436527729034424,-0.034511785954236984,1,0.9653128981590271,-0.004653798416256905,-0.26105326414108276,0,0.05177471041679382,0.9833980202674866,0.1739194542169571,0,0.255910187959671,-0.18140266835689545,0.9495279788970947,0,0,0.68504399061203,-0.04124800115823746,1,0.9974690079689026,0.006307881325483322,-0.07082708179950714,0,-0.005229882895946503,0.9998679757118225,0.015398955903947353,0,0.07091507315635681,-0.014988964423537254,0.9973700046539307,0,0,0.8006659746170044,0,1,0.9974960088729858,0.005982882808893919,-0.0704730823636055,0,-0.004880885127931833,0.9998630285263062,0.015788951888680458,0,0.0705580785870552,-0.015405960381031036,0.997389018535614,0,0,0.9150469899177551,0,1,0.9990400075912476,0.015590879134833813,0.0409390963613987,0,-0.012633872218430042,0.9973589777946472,-0.07152300328016281,0,-0.041946087032556534,0.07093700766563416,0.9965980052947998,0,0,1.0294270515441895,0,1,0.9953818321228027,-0.03901345655322075,0.08770523220300674,0,0.07068388909101486,0.9160872101783752,-0.39469948410987854,0,-0.06494738161563873,0.3990764915943146,0.9146140217781067,0,0,0.299795001745224,0.14210399985313416,1,-0.07299746572971344,0.009472989477217197,-0.9972869753837585,0,0.9694060683250427,-0.23429985344409943,-0.07318247854709625,0,-0.23435784876346588,-0.972118079662323,0.00791988056153059,0,0.37749800086021423,0.8989310264587402,-0.006738000083714724,1,0.5372138619422913,-0.44313594698905945,-0.7176571488380432,0,0.8340864777565002,0.40551409125328064,0.37397435307502747,0,0.1252986341714859,-0.7994933724403381,0.5874616503715515,0,0,0.7977359890937805,0,1,0.14501233398914337,0.5779781937599182,-0.8030639290809631,0,-0.9524682760238647,0.3013139069080353,0.04487001523375511,0,0.26790809631347656,0.7583872675895691,0.5942010879516602,0,0,1.3464269638061523,0,1,0.7562288641929626,0.10149098187685013,0.6463881134986877,0,0.14436669647693634,0.9376691579818726,-0.3161245882511139,0,-0.6381811499595642,0.33237946033477783,0.6944410800933838,0,0,1.9011919498443604,0,1,0.912293016910553,0.37821900844573975,-0.15707500278949738,0,-0.3702490031719208,0.9256200194358826,0.07838200032711029,0,0.17503699660301208,-0.013350999914109707,0.9844710230827332,0,-0.11861400306224823,0.07873599976301193,0.029997000470757484,1,0.9885349869728088,-0.12441091239452362,0.08556297421455383,0,0.09352092444896698,0.9493669867515564,0.2999259829521179,0,-0.11854495108127594,-0.28848496079444885,0.9501169919967651,0,-0.034887999296188354,0.11104299873113632,0,1,0.8381958603858948,0.46347102522850037,-0.287441223859787,0,-0.5335201025009155,0.8061178922653198,-0.25598907470703125,0,0.1130681037902832,0.367925226688385,0.9229558706283569,0,0.006587999872863293,0.1529659926891327,0,1,0.957489013671875,0.28198710083961487,0.060809750109910965,0,-0.27662602066993713,0.8377662897109985,0.470771461725235,0,0.08180709183216095,-0.4675804078578949,0.8801572918891907,0,-0.16239400207996368,0.48920899629592896,0.003900999901816249,1,0.9860090017318726,-0.13035400211811066,-0.10389602184295654,0,0.1250379979610443,0.16619881987571716,0.9781330227851868,0,-0.1102360188961029,-0.9774379730224609,0.18017281591892242,0,0.0007399999885819852,0.11603499948978424,0,1,0.9970030188560486,-0.0742959976196289,-0.021584998816251755,0,0.07503300160169601,0.860496997833252,0.5039010047912598,0,-0.018863998353481293,-0.504010021686554,0.8634920120239258,0,0.000060999998822808266,0.10590799897909164,0,1,0.9929990172386169,0.08491217344999313,0.08211614936590195,0,-0.11769622564315796,0.6521740555763245,0.7488768696784973,0,0.010035011917352676,-0.7532988786697388,0.6576011180877686,0,-0.05575200170278549,0.5028749704360962,-0.0012000000569969416,1,0.9890689849853516,-0.1234079971909523,-0.08070600777864456,0,0.12362299859523773,0.39563992619514465,0.9100480079650879,0,-0.0803770050406456,-0.9100769758224487,0.4065709412097931,0,0.0005130000063218176,0.11693499982357025,0,1,0.997564971446991,-0.06631100922822952,-0.021604003384709358,0,0.067206010222435,0.8312499523162842,0.5518210530281067,0,-0.018634004518389702,-0.5519300699234009,0.8336829543113708,0,-0.0005039999959990382,0.10652100294828415,0,1,0.997389018535614,0.045607998967170715,0.0559849888086319,0,-0.07220698893070221,0.6210450530052185,0.78044193983078,0,0.0008250030223280191,-0.7824469208717346,0.6227170825004578,0,0.050574999302625656,0.4728190004825592,-0.011254999786615372,1,0.9854980111122131,-0.1314229965209961,-0.10734301060438156,0,0.13327300548553467,0.20789091289043427,0.9690300226211548,0,-0.10503700375556946,-0.9692829847335815,0.22239090502262115,0,-0.000028000000384054147,0.12418899685144424,0,1,0.9981480240821838,-0.05902300402522087,-0.01474900171160698,0,0.05895000323653221,0.8783950209617615,0.4742860198020935,0,-0.015038002282381058,-0.4742770195007324,0.8802469968795776,0,-0.00031800000579096377,0.12166900187730789,0,1,0.999538004398346,0.014727930538356304,0.02657194808125496,0,-0.030283918604254723,0.5530310273170471,0.832610011100769,0,-0.0024330285377800465,-0.8330299854278564,0.5532220005989075,0,0.16756999492645264,0.42751801013946533,-0.0018850000342354178,1,0.9915969967842102,-0.11462000012397766,-0.05998099967837334,0,0.11192499846220016,0.5276280045509338,0.8420699834823608,0,-0.06486999988555908,-0.8417069911956787,0.5360230207443237,0,0.0006689999718219042,0.15912799537181854,0,1,0.9962610006332397,-0.0823189988732338,-0.02620600163936615,0,0.08303900063037872,0.8288339972496033,0.5532979965209961,0,-0.023827001452445984,-0.5534049868583679,0.8325710296630859,0,0.00022600000374950469,0.12114900350570679,0,1,0.1263204962015152,-0.005088030360639095,0.9919760823249817,0,-0.9354801774024963,-0.3333016037940979,0.11741653084754944,0,0.3300296366214752,-0.9428061246871948,-0.04686283692717552,0,-0.37749800086021423,0.8990659713745117,-0.008968999609351158,1,0.8117870688438416,-0.3407655954360962,-0.474214643239975,0,0.5372399091720581,0.7540818452835083,0.3778016269207001,0,0.22885455191135406,-0.5614614486694336,0.7952267527580261,0,0,0.7977359890937805,0,1,-0.23414704203605652,-0.5676285028457642,0.7892859578132629,0,0.9477242231369019,-0.3142947554588318,0.055117953568696976,0,0.21678240597248077,0.7609304189682007,0.61154705286026,0,0,1.3467719554901123,0,1,0.959682822227478,0.16408786177635193,-0.22821909189224243,0,-0.26138925552368164,0.8195518255233765,-0.5099117159843445,0,0.10336682200431824,0.5490077137947083,0.8294003009796143,0,0,1.9000250101089478,0,1,0.9146029949188232,-0.4043540060520172,0.00035099999513477087,0,0.37945398688316345,0.8585820198059082,0.34474900364875793,0,-0.1397009938955307,-0.31517499685287476,0.9386950135231018,0,0.11044000089168549,0.0746299996972084,0.024421999230980873,1,0.9790279269218445,0.1841932088136673,0.08704298734664917,0,-0.19499222934246063,0.9709749221801758,0.1385091096162796,0,-0.059003930538892746,-0.15257711708545685,0.9865289926528931,0,0.030925000086426735,0.10390400141477585,0,1,0.824942946434021,-0.5597940683364868,0.07809918373823166,0,0.5611791014671326,0.7947089672088623,-0.23133301734924316,0,0.06743288040161133,0.23466411232948303,0.9697350263595581,0,0.0025160000659525394,0.15937800705432892,0,1,0.9921479821205139,-0.08937501162290573,-0.08748491108417511,0,0.11896692961454391,0.4586411118507385,0.8806219696998596,0,-0.038581039756536484,-0.8841159343719482,0.465672105550766,0,0.15652599930763245,0.443107008934021,0.009692000225186348,1,0.9961649775505066,0.07618499547243118,0.043030984699726105,0,-0.0748479962348938,0.48726221919059753,0.8700419068336487,0,0.04531698673963547,-0.869925856590271,0.4910961985588074,0,-0.00046800001291558146,0.12893900275230408,0,1,0.9986180067062378,0.049751006066799164,0.016916004940867424,0,-0.0504780076444149,0.818740963935852,0.5719400644302368,0,0.014605004340410233,-0.5720040798187256,0.8201209306716919,0,0.00011000000085914508,0.12066999822854996,0,1,0.9990590214729309,-0.030289094895124435,-0.031042154878377914,0,0.04128018394112587,0.4445071220397949,0.8948239684104919,0,-0.013305007480084896,-0.8952629566192627,0.4453391134738922,0,0.05274499952793121,0.48382800817489624,-0.006022999994456768,1,0.9950060248374939,0.08074299246072769,0.05867498368024826,0,-0.08184698969125748,0.32360413670539856,0.9426459670066833,0,0.05712498351931572,-0.9427409172058105,0.32859715819358826,0,-0.00004400000034365803,0.12575800716876984,0,1,0.9971380233764648,0.0670270025730133,0.03498600423336029,0,-0.06680600345134735,0.564367949962616,0.822816014289856,0,0.03540600463747978,-0.8227980136871338,0.5672299265861511,0,0.0002209999947808683,0.11524499952793121,0,1,0.9954720139503479,-0.022858966141939163,-0.09226284921169281,0,0.09505084902048111,0.24593503773212433,0.964614987373352,0,0.0006399995181709528,-0.9690170288085938,0.24699504673480988,0,-0.05200599879026413,0.4794189929962158,-0.012000000104308128,1,0.9937160015106201,0.08559899032115936,0.07211896032094955,0,-0.08688799291849136,0.18374542891979218,0.9791258573532104,0,0.07056096196174622,-0.9792398810386658,0.19002842903137207,0,0.00005199999941396527,0.12687000632286072,0,1,0.9979419708251953,0.059522997587919235,0.023853996768593788,0,-0.05916799604892731,0.7113260626792908,0.7003669142723083,0,0.024719996377825737,-0.7003369331359863,0.7133840322494507,0,0.00014000000373926014,0.12043900042772293,0,1,0.9990100264549255,-0.009675970301032066,-0.04341992735862732,0,0.04441292583942413,0.1613389551639557,0.9858989715576172,0,-0.0025339843705296516,-0.9868519902229309,0.1616099625825882,0,-0.15726399421691895,0.4191020131111145,0.011191999539732933,1,0.9942820072174072,0.08014900237321854,0.07056497782468796,0,-0.07932399958372116,0.11196032911539078,0.990541934967041,0,0.07149098068475723,-0.9904749393463135,0.11767733097076416,0,-0.0003699999942909926,0.15206600725650787,0,1,0.9958069920539856,0.07298599928617477,0.05515199154615402,0,-0.07525700330734253,0.31082311272621155,0.9474839568138123,0,0.05201099440455437,-0.9476609230041504,0.315012127161026,0,0.0002010000025620684,0.12824800610542297,0,1,-0.9488462805747986,-0.05893302336335182,0.3101888597011566,0,0.31505975127220154,-0.2410687506198883,0.917944610118866,0,0.020680395886301994,0.9687172174453735,0.24730458855628967,0,0.5792359709739685,-0.38043200969696045,-0.058410998433828354,1,0.9947659969329834,-0.08777888864278793,0.052305810153484344,0,0.00573110394179821,-0.46315452456474304,-0.8862578868865967,0,0.10202080011367798,0.8819189071655273,-0.46022751927375793,0,0,3.0591208934783936,0,1,0.9562171697616577,0.1947551667690277,0.21844682097434998,0,-0.23326481878757477,0.056429799646139145,0.9707739353179932,0,0.1767360270023346,-0.9792270660400391,0.09938857704401016,0,0,2.6654000282287598,0,1,0.9998000264167786,-0.019866008311510086,-0.002131986664608121,0,0.019227001816034317,0.9276149272918701,0.37304309010505676,0,-0.005433016922324896,-0.3730090856552124,0.9278119206428528,0,0,0.7838420271873474,0,1,-0.9937247037887573,0.08742614835500717,-0.06976593285799026,0,-0.10034897178411484,-0.9723530411720276,0.21085140109062195,0,-0.04940420016646385,0.21652968227863312,0.9750251173973083,0,-0.5792359709739685,-0.38043200969696045,-0.06228699907660484,1,0.9814810156822205,0.0942666158080101,0.16675825417041779,0,0.050172824412584305,0.7136399149894714,-0.6987133026123047,0,-0.18487012386322021,0.6941403150558472,0.695693850517273,0,0,3.0592141151428223,0,1,0.9857279062271118,0.1375681608915329,-0.09703364968299866,0,0.11016097664833069,-0.09125600010156631,0.989714503288269,0,0.12729866802692413,-0.9862785339355469,-0.10510910302400589,0,0,2.6652939319610596,0,1,0.9963350296020508,0.07128316164016724,-0.04727110639214516,0,-0.014061961323022842,0.6816624999046326,0.7315314412117004,0,0.08436819911003113,-0.7281864285469055,0.680166482925415,0,0,0.7752379775047302,0,1
