1.433,30,42,65
B0,mixamorig_Hips,-1,0.9993400573730469,-0.014259067364037037,0.033415451645851135,0,0.015447989106178284,0.9992470145225525,-0.03559870272874832,0,-0.03288343921303749,0.03609166666865349,0.9988070726394653,0,0.11195013672113419,6.071003437042236,0.17090044915676117,1
B1,mixamorig_Spine,0,0.9966632723808289,0.02017178013920784,0.07909394800662994,0,-0.017713002860546112,0.9993420839309692,-0.031657252460718155,0,-0.07968088984489441,0.0301503986120224,0.9963643550872803,0,0,0.68504399061203,-0.04124800115823746,1
B2,mixamorig_Spine1,1,0.9974622130393982,0.00200366647914052,0.07117260247468948,0,-0.0025387234054505825,0.9999690055847168,0.007419567089527845,0,-0.0711556151509285,-0.007580488920211792,0.9974361658096313,0,0,0.8006659746170044,0,1
B3,mixamorig_Spine2,2,0.9974432587623596,0.004710517358034849,0.07131367921829224,0,-0.005124588496983051,0.9999709725379944,0.005634703673422337,0,-0.0712846890091896,-0.005985608324408531,0.9974381923675537,0,0,0.9150469899177551,0,1
B4,mixamorig_Neck,3,0.9984060525894165,-0.032500676810741425,-0.04613557457923889,0,0.030367689207196236,0.9984709620475769,-0.046187255531549454,0,0.047566648572683334,0.04471227154135704,0.9978669881820679,0,0,1.0294270515441895,0,1
B5,mixamorig_Head,4,0.9747437238693237,-0.12001552432775497,-0.1883353739976883,0,0.08059872686862946,0.9755398035049438,-0.20451173186302185,0,0.2082729935646057,0.1841670274734497,0.9605749249458313,0,0,0.299795001745224,0.14210399985313416,1
B6,mixamorig_HeadTop_End,5,1,0,0,0,0,1,0,0,0,0,1,0,0,1.4466639757156372,0.6857240200042725,1
B7,mixamorig_LeftShoulder,3,-0.06049403175711632,0.011037048883736134,-0.9981080293655396,0,0.9663138389587402,-0.24995358288288116,-0.061331041157245636,0,-0.25015759468078613,-0.968194842338562,0.0044549982994794846,0,0.37749800086021423,0.8989310264587402,-0.006738000083714724,1
B8,mixamorig_LeftArm,7,0.8898009657859802,0.4328414499759674,-0.14457398653030396,0,-0.18906134366989136,0.6379889845848083,0.7464758157730103,0,0.4153425693511963,-0.6368811726570129,0.6495175361633301,0,0,0.7977359890937805,0,1
B9,mixamorig_LeftForeArm,8,0.47058284282684326,0.32980337738990784,-0.818402111530304,0,-0.543493390083313,0.839022696018219,0.0256036426872015,0,0.6951017379760742,0.432746946811676,0.5740758180618286,0,0,1.3464269638061523,0,1
B10,mixamorig_LeftHand,9,0.8613619804382324,-0.03487085551023483,0.5067935585975647,0,-0.2021743655204773,0.8916939496994019,0.4049774706363678,0,-0.4660274088382721,-0.45129281282424927,0.7610213160514832,0,0,1.9011919498443604,0,1
B11,mixamorig_LeftHandThumb1,10,0.9819329977035522,-0.03257400169968605,-0.18640300631523132,0,0.08384999632835388,0.9579830169677734,0.27429500222206116,0,0.16963599622249603,-0.2849690020084381,0.9434069991111755,0,-0.11861400306224823,0.07873599976301193,0.029997000470757484,1
B12,mixamorig_LeftHandThumb2,11,0.9943050146102905,-0.06288699805736542,0.08604399859905243,0,0.06049799919128418,0.9977139830589294,0.030098000541329384,0,-0.08773999661207199,-0.024721000343561172,0.9958369731903076,0,-0.034887999296188354,0.11104299873113632,0,1
B13,mixamorig_LeftHandThumb3,12,0.9987729787826538,-0.00939400028437376,0.04862000048160553,0,0.011775000020861626,0.9987329840660095,-0.048928000032901764,0,-0.04809900000691414,0.04944099858403206,0.9976180195808411,0,0.006587999872863293,0.1529659926891327,0,1
B14,mixamorig_LeftHandThumb4,13,1,0,0,0,0,1,0,0,0,0,1,0,0.028300000354647636,0.1451829969882965,0,1
B15,mixamorig_LeftHandIndex1,10,0.9974039793014526,0.07177499681711197,-0.005841000005602837,0,-0.0666780024766922,0.951108992099762,0.3015730082988739,0,0.027201000601053238,-0.3003999888896942,0.9534249901771545,0,-0.16239400207996368,0.48920899629592896,0.003900999901816249,1
B16,mixamorig_LeftHandIndex2,15,0.998134970664978,-0.06008300185203552,-0.01082099974155426,0,0.059723999351263046,0.9242449998855591,0.37709900736808777,0,-0.012656000442802906,-0.3770419955253601,0.926110029220581,0,0.0007399999885819852,0.11603499948978424,0,1
B17,mixamorig_LeftHandIndex3,16,0.9992330074310303,-0.038993000984191895,-0.0036639997269958258,0,0.03897000104188919,0.9805840253829956,0.1921910047531128,0,-0.0039019999094307423,-0.19218599796295166,0.9813510179519653,0,0.000060999998822808266,0.10590799897909164,0,1
B18,mixamorig_LeftHandIndex4,17,1,0,0,0,0,1,0,0,0,0,1,0,-0.0008009999874047935,0.07963400334119797,0,1
B19,mixamorig_LeftHandMiddle1,10,0.99754399061203,0.06983199715614319,-0.005373000167310238,0,-0.06497299671173096,0.9513149857521057,0.3012939989566803,0,0.026151999831199646,-0.3002049922943115,0.9535160064697266,0,-0.05575200170278549,0.5028749704360962,-0.0012000000569969416,1
B20,mixamorig_LeftHandMiddle2,19,0.9978610277175903,-0.0641380026936531,-0.012621999718248844,0,0.06415499746799469,0.9238929748535156,0.37723401188850403,0,-0.012533999979496002,-0.3772369921207428,0.9260320067405701,0,0.0005130000063218176,0.11693499982357025,0,1
B21,mixamorig_LeftHandMiddle3,20,0.9997180104255676,-0.023552000522613525,-0.002947000088170171,0,0.02367899939417839,0.9810749888420105,0.1921750009059906,0,-0.0016349999932572246,-0.1921910047531128,0.9813560247421265,0,-0.0005039999959990382,0.10652100294828415,0,1
B22,mixamorig_LeftHandMiddle4,21,1,0,0,0,0,1,0,0,0,0,1,0,-0.000009000000318337698,0.09100800007581711,0,1
B23,mixamorig_LeftHandRing1,10,0.9979559779167175,0.06390099972486496,-0.0008970000199042261,0,-0.06065699830651283,0.9515249729156494,0.30153200030326843,0,0.020121999084949493,-0.3008610010147095,0.9534559845924377,0,0.050574999302625656,0.4728190004825592,-0.011254999786615372,1
B24,mixamorig_LeftHandRing2,23,0.9981200098991394,-0.06006700173020363,-0.01217000000178814,0,0.06022299826145172,0.9243919849395752,0.37665900588035583,0,-0.011374999769032001,-0.3766840100288391,0.9262719750404358,0,-0.000028000000384054147,0.12418899685144424,0,1
B25,mixamorig_LeftHandRing3,24,0.9997069835662842,-0.024111999198794365,-0.002256999956443906,0,0.02409599907696247,0.9810979962348938,0.19200700521469116,0,-0.00241499999538064,-0.19200499355793,0.9813910126686096,0,-0.00031800000579096377,0.12166900187730789,0,1
B26,mixamorig_LeftHandRing4,25,1,0,0,0,0,1,0,0,0,0,1,0,0.0003459999861661345,0.10200099647045135,0,1
B27,mixamorig_LeftHandPinky1,10,0.9997299909591675,0.0016850000247359276,-0.02316099964082241,0,0.005109999794512987,0.956961989402771,0.2901670038700104,0,0.02265300042927265,-0.29020699858665466,0.9566959738731384,0,0.16756999492645264,0.42751801013946533,-0.0018850000342354178,1
B28,mixamorig_LeftHandPinky2,27,0.9998810291290283,0.011033999733626842,-0.010821999981999397,0,-0.005987000185996294,0.9220600128173828,0.38700100779533386,0,0.014248999767005444,-0.3868899941444397,0.9220160245895386,0,0.0006689999718219042,0.15912799537181854,0,1
B29,mixamorig_LeftHandPinky3,28,0.9992259740829468,-0.03916100040078163,-0.003659999929368496,0,0.039135001599788666,0.9806020259857178,0.19206300377845764,0,-0.003932000137865543,-0.1920579969882965,0.9813759922981262,0,0.00022600000374950469,0.12114900350570679,0,1
B30,mixamorig_LeftHandPinky4,29,1,0,0,0,0,1,0,0,0,0,1,0,-0.0008950000046752393,0.104093998670578,0,1
B31,mixamorig_RightShoulder,3,0.08297870308160782,-0.029260898008942604,0.9961220026016235,0,-0.9632951021194458,-0.2584257125854492,0.07265275716781616,0,0.2552967071533203,-0.9655880928039551,-0.049630798399448395,0,-0.37749800086021423,0.8990659713745117,-0.008968999609351158,1
B32,mixamorig_RightArm,31,0.9957926869392395,-0.06814539432525635,0.06126180291175842,0,-0.01652519777417183,0.5240358710289001,0.8515357971191406,0,-0.09013189375400543,-0.8489653468132019,0.5207051634788513,0,0,0.7977359890937805,0,1
B33,mixamorig_RightForeArm,32,0.5148849487304688,-0.2031208872795105,0.8328479528427124,0,0.3391338288784027,0.9405311942100525,0.019722281023859978,0,-0.7873255014419556,0.272291898727417,0.5531511306762695,0,0,1.3467719554901123,0,1
B34,mixamorig_RightHand,33,0.850974977016449,0.2941969037055969,-0.43507441878318787,0,-0.054792340844869614,0.8735959529876709,0.48355624079704285,0,0.5223406553268433,-0.38765594363212585,0.7595285773277283,0,0,1.9000250101089478,0,1
B35,mixamorig_RightHandThumb1,34,0.9853460192680359,-0.01133199967443943,0.17019300162792206,0,-0.034170001745224,0.9644500017166138,0.26204800605773926,0,-0.16711300611495972,-0.2640230059623718,0.9499289989471436,0,0.11044000089168549,0.0746299996972084,0.024421999230980873,1
B36,mixamorig_RightHandThumb2,35,0.99515700340271,0.06948599964380264,-0.0695279985666275,0,-0.06625299900770187,0.9966580271720886,0.047777000814676285,0,0.07261600345373154,-0.04293899983167648,0.9964349865913391,0,0.030925000086426735,0.10390400141477585,0,1
B37,mixamorig_RightHandThumb3,36,0.9893829822540283,-0.14072200655937195,-0.036315999925136566,0,0.13881799578666687,0.9890289902687073,-0.05050000175833702,0,0.043024998158216476,0.044923000037670135,0.9980639815330505,0,0.0025160000659525394,0.15937800705432892,0,1
B38,mixamorig_RightHandThumb4,37,1,0,0,0,0,1,0,0,0,0,1,0,-0.03344099968671799,0.15626899898052216,0,1
B39,mixamorig_RightHandIndex1,34,0.9978229999542236,-0.06547699868679047,0.00792699959129095,0,0.05806700140237808,0.9291110038757324,0.365213006734848,0,-0.03127799928188324,-0.3639569878578186,0.9308900237083435,0,0.15652599930763245,0.443107008934021,0.009692000225186348,1
B40,mixamorig_RightHandIndex2,39,0.9990090131759644,0.043954998254776,0.006955999881029129,0,-0.043873999267816544,0.9466440081596375,0.3192789852619171,0,0.007449000142514706,-0.31926798820495605,0.9476349949836731,0,-0.00046800001291558146,0.12893900275230408,0,1
B41,mixamorig_RightHandIndex3,40,0.9997349977493286,0.022950999438762665,0.002041999949142337,0,-0.022979000583291054,0.9865549802780151,0.16180500388145447,0,0.001699000014923513,-0.16180899739265442,0.9868209958076477,0,0.00011000000085914508,0.12066999822854996,0,1
B42,mixamorig_RightHandIndex4,41,1,0,0,0,0,1,0,0,0,0,1,0,0.00035799999022856355,0.1029599979519844,0,1
B43,mixamorig_RightHandMiddle1,34,0.9981030225753784,-0.06111999973654747,0.007418000139296055,0,0.05419600009918213,0.9293590188026428,0.36517900228500366,0,-0.02921300008893013,-0.36408400535583496,0.9309080243110657,0,0.05274499952793121,0.48382800817489624,-0.006022999994456768,1
B44,mixamorig_RightHandMiddle2,43,0.9991049766540527,0.04169899970293045,0.007056000176817179,0,-0.04176900163292885,0.9467689990997314,0.31919199228286743,0,0.006628999952226877,-0.3192009925842285,0.9476640224456787,0,-0.00004400000034365803,0.12575800716876984,0,1
B45,mixamorig_RightHandMiddle3,44,0.9998649954795837,0.016402000561356544,0.0012710000155493617,0,-0.016390999779105186,0.9866930246353149,0.16176800429821014,0,0.0013989999424666166,-0.16176700592041016,0.9868280291557312,0,0.0002209999947808683,0.11524499952793121,0,1
B46,mixamorig_RightHandMiddle4,45,1,0,0,0,0,1,0,0,0,0,1,0,-0.00017699999443721026,0.09112600237131119,0,1
B47,mixamorig_RightHandRing1,34,0.9982290267944336,-0.059282999485731125,0.004883000161498785,0,0.05340899899601936,0.9294049739837646,0.3651759922504425,0,-0.026187000796198845,-0.3642689883708954,0.9309260249137878,0,-0.05200599879026413,0.4794189929962158,-0.012000000104308128,1
B48,mixamorig_RightHandRing2,47,0.9991350173950195,0.04100799933075905,0.006963000167161226,0,-0.041085999459028244,0.9468389749526978,0.31907498836517334,0,0.006490999832749367,-0.3190850019454956,0.947704017162323,0,0.00005199999941396527,0.12687000632286072,0,1
B49,mixamorig_RightHandRing3,48,0.9998360276222229,0.018069999292492867,0.0013210000470280647,0,-0.018045999109745026,0.9866740107536316,0.16170600056648254,0,0.0016189999878406525,-0.16170400381088257,0.9868379831314087,0,0.00014000000373926014,0.12043900042772293,0,1
B50,mixamorig_RightHandRing4,49,1,0,0,0,0,1,0,0,0,0,1,0,-0.00019200000679120421,0.10426300019025803,0,1
B51,mixamorig_RightHandPinky1,34,0.9977380037307739,-0.06601300090551376,0.012722999788820744,0,0.05682099983096123,0.9291880130767822,0.3652139902114868,0,-0.035930998623371124,-0.36366501450538635,0.9308369755744934,0,-0.15726399421691895,0.4191020131111145,0.011191999539732933,1
B52,mixamorig_RightHandPinky2,51,0.9990959763526917,0.041951000690460205,0.006827999837696552,0,-0.041933998465538025,0.9466729760169983,0.31945499777793884,0,0.006936999969184399,-0.3194519877433777,0.9475769996643066,0,-0.0003699999942909926,0.15206600725650787,0,1
B53,mixamorig_RightHandPinky3,52,0.9998109936714172,0.01935099996626377,0.0018479999853298068,0,-0.019394999369978905,0.9866170287132263,0.16189800202846527,0,0.0013099999632686377,-0.1619029939174652,0.9868059754371643,0,0.0002010000025620684,0.12824800610542297,0,1
B54,mixamorig_RightHandPinky4,53,1,0,0,0,0,1,0,0,0,0,1,0,0.00016999999934341758,0.11399099975824356,0,1
B55,mixamorig_LeftUpLeg,0,-0.98526930809021,-0.07429933547973633,0.1540241241455078,0,0.08547334372997284,-0.9940676689147949,0.0672440230846405,0,0.1481146365404129,0.07941814512014389,0.9857750535011292,0,0.5792359709739685,-0.38043200969696045,-0.058410998433828354,1
B56,mixamorig_LeftLeg,55,0.9898305535316467,0.13681669533252716,-0.038951948285102844,0,-0.08258190751075745,0.32970723509788513,-0.9404630064964294,0,-0.11582862585783005,0.9341161251068115,0.33765295147895813,0,0,3.0591208934783936,0,1
B57,mixamorig_LeftFoot,56,0.9821776151657104,-0.05728217959403992,0.17901048064231873,0,-0.13994978368282318,0.41286465525627136,0.8999751210212708,0,-0.12545889616012573,-0.9089890122413635,0.3974898159503937,0,0,2.6654000282287598,0,1
B58,mixamorig_LeftToeBase,57,0.9997770190238953,-0.021128037944436073,5.774584010964645e-8,0,0.01947900466620922,0.9217318296432495,0.38733938336372375,0,-0.00818407628685236,-0.38725337386131287,0.9219368100166321,0,0,0.7838420271873474,0,1
B59,mixamorig_LeftToe_End,58,1,0,0,0,0,1,0,0,0,0,1,0,0,0.3033599853515625,0,1
B60,mixamorig_RightUpLeg,0,-0.9907989501953125,-0.01935543864965439,-0.13395355641841888,0,-0.0417429618537426,-0.8977698683738708,0.4384819567203522,0,-0.1287459433078766,0.44003885984420776,0.8887017965316772,0,-0.5792359709739685,-0.38043200969696045,-0.06228699907660484,1
B61,mixamorig_RightLeg,60,0.9888480305671692,0.0658312663435936,-0.133585587143898,0,-0.13974766433238983,0.7202116250991821,-0.6795336604118347,0,0.05147581920027733,0.6906245946884155,0.721379280090332,0,0,3.0592141151428223,0,1
B62,mixamorig_RightFoot,61,0.9807843565940857,-0.07966325432062149,-0.17808760702610016,0,0.18936364352703094,0.1691168248653412,0.9672335982322693,0,-0.04693515598773956,-0.9823706150054932,0.18095223605632782,0,0,2.6652939319610596,0,1
B63,mixamorig_RightToeBase,62,0.9996780157089233,0.025366000831127167,0,0,-0.02332800067961216,0.9193739891052246,0.3926919996738434,0,0.009960999712347984,-0.3925659954547882,0.9196699857711792,0,0,0.7752379775047302,0,1
B64,mixamorig_RightToe_End,63,1,0,0,0,0,1,0,0,0,0,1,0,0,0.30570998787879944,0,1
@52,0,1,2,3,4,5,7,8,9,10,11,12,13,15,16,17,19,20,21,23,24,25,27,28,29,31,32,33,34,35,36,37,39,40,41,43,44,45,47,48,49,51,52,53,55,56,57,58,60,61,62,63
K0.000,0.9995669722557068,-0.015881000086665154,-0.02476700022816658,0,0.014259999617934227,0.9978280067443848,-0.06430699676275253,0,0.02573399990797043,0.06392599642276764,0.9976230263710022,0,0.004126000218093395,6.254435062408447,0.04066300019621849,1,0.999701976776123,-0.009913000278174877,-0.022285999730229378,0,0.010018999688327312,0.9999390244483948,0.0046430001966655254,0,0.022237999364733696,-0.004865000024437904,0.9997410178184509,0,0,0.68504399061203,-0.04124800115823746,1,0.9996100068092346,-0.02109299972653389,-0.018316999077796936,0,0.021788999438285828,0.9990140199661255,0.03868500143289566,0,0.017482999712228775,-0.039069000631570816,0.9990839958190918,0,0,0.8006659746170044,0,1,0.9996079802513123,-0.021626999601721764,-0.017758000642061234,0,0.0222960002720356,0.9990149736404419,0.038371000438928604,0,0.01691100001335144,-0.0387520007789135,0.9991059899330139,0,0,0.9150469899177551,0,1,0.9993109703063965,-0.03683599829673767,-0.004536000080406666,0,0.03661299869418144,0.9984419941902161,-0.04211299866437912,0,0.0060800001956522465,0.04191799834370613,0.9991030097007751,0,0,1.0294270515441895,0,1,0.9997590184211731,0.008212000131607056,0.02034500055015087,0,-0.003819999983534217,0.9782969951629639,-0.20717300474643707,0,-0.02160399965941906,0.2070460021495819,0.9780930280685425,0,0,0.299795001745224,0.14210399985313416,1,-0.057642001658678055,0.011714000254869461,-0.9982690215110779,0,0.9649940133094788,-0.2556149959564209,-0.058720000088214874,0,-0.2558610141277313,-0.9667080044746399,0.00343000004068017,0,0.37749800086021423,0.8989310264587402,-0.006738000083714724,1,0.9405310153961182,0.33656400442123413,-0.04610700160264969,0,-0.1887200027704239,0.6305199861526489,0.7528809905052185,0,0.28246399760246277,-0.6994060277938843,0.6565399765968323,0,0,0.7977359890937805,0,1,0.5027559995651245,0.2738099992275238,-0.8199170231819153,0,-0.45122000575065613,0.8921599984169006,0.02125599980354309,0,0.7373170256614685,0.3592759966850281,0.5720869898796082,0,0,1.3464269638061523,0,1,0.7915840148925781,-0.10622599720954895,0.6017559766769409,0,-0.1534149944782257,0.9186840057373047,0.3639819920063019,0,-0.5914880037307739,-0.38044100999832153,0.710919976234436,0,0,1.9011919498443604,0,1,0.9819329977035522,-0.03257400169968605,-0.18640300631523132,0,0.08384999632835388,0.9579830169677734,0.27429500222206116,0,0.16963599622249603,-0.2849690020084381,0.9434069991111755,0,-0.11861400306224823,0.07873599976301193,0.029997000470757484,1,0.9943050146102905,-0.06288699805736542,0.08604399859905243,0,0.06049799919128418,0.9977139830589294,0.030098000541329384,0,-0.08773999661207199,-0.024721000343561172,0.9958369731903076,0,-0.034887999296188354,0.11104299873113632,0,1,0.9987729787826538,-0.009393000043928623,0.04862000048160553,0,0.011775000020861626,0.9987329840660095,-0.048928000032901764,0,-0.04809900000691414,0.04944099858403206,0.9976180195808411,0,0.006587999872863293,0.1529659926891327,0,1,0.9974039793014526,0.07177499681711197,-0.005841000005602837,0,-0.0666780024766922,0.951108992099762,0.3015730082988739,0,0.027201000601053238,-0.3003999888896942,0.9534249901771545,0,-0.16239400207996368,0.48920899629592896,0.003900999901816249,1,0.998134970664978,-0.06008300185203552,-0.01082099974155426,0,0.059723999351263046,0.9242449998855591,0.37709900736808777,0,-0.012656000442802906,-0.3770419955253601,0.926110029220581,0,0.0007399999885819852,0.11603499948978424,0,1,0.9992330074310303,-0.038993000984191895,-0.0036639999598264694,0,0.03897000104188919,0.9805840253829956,0.1921910047531128,0,-0.0039019999094307423,-0.19218599796295166,0.9813510179519653,0,0.000060999998822808266,0.10590799897909164,0,1,0.99754399061203,0.06983199715614319,-0.005373000167310238,0,-0.06497299671173096,0.9513149857521057,0.3012939989566803,0,0.02615099959075451,-0.3002049922943115,0.9535160064697266,0,-0.05575200170278549,0.5028749704360962,-0.0012000000569969416,1,0.9978610277175903,-0.0641380026936531,-0.012621999718248844,0,0.06415499746799469,0.9238929748535156,0.37723401188850403,0,-0.012533999979496002,-0.3772369921207428,0.9260320067405701,0,0.0005130000063218176,0.11693499982357025,0,1,0.9997180104255676,-0.023552000522613525,-0.002947000088170171,0,0.02367899939417839,0.9810749888420105,0.1921750009059906,0,-0.0016349999932572246,-0.1921910047531128,0.9813560247421265,0,-0.0005039999959990382,0.10652100294828415,0,1,0.9979559779167175,0.06390099972486496,-0.0008970000199042261,0,-0.06065699830651283,0.9515249729156494,0.30153200030326843,0,0.020121000707149506,-0.3008610010147095,0.9534559845924377,0,0.050574999302625656,0.4728190004825592,-0.011254999786615372,1,0.9981200098991394,-0.06006700173020363,-0.01217000000178814,0,0.06022199988365173,0.9243919849395752,0.37665900588035583,0,-0.011374000459909439,-0.3766840100288391,0.9262719750404358,0,-0.000028000000384054147,0.12418899685144424,0,1,0.9997069835662842,-0.024111999198794365,-0.002256999956443906,0,0.024096999317407608,0.9810979962348938,0.19200700521469116,0,-0.00241499999538064,-0.19200499355793,0.9813910126686096,0,-0.00031800000579096377,0.12166900187730789,0,1,0.9997299909591675,0.0016850000247359276,-0.02316099964082241,0,0.005109000019729137,0.956961989402771,0.2901670038700104,0,0.02265300042927265,-0.29020699858665466,0.9566959738731384,0,0.16756999492645264,0.42751801013946533,-0.0018850000342354178,1,0.9998810291290283,0.011033999733626842,-0.010821999981999397,0,-0.005987000185996294,0.9220600128173828,0.38700199127197266,0,0.014248999767005444,-0.3868910074234009,0.9220160245895386,0,0.0006689999718219042,0.15912799537181854,0,1,0.9992259740829468,-0.03916100040078163,-0.003659999929368496,0,0.039135001599788666,0.9806020259857178,0.19206400215625763,0,-0.003932000137865543,-0.1920579969882965,0.9813759922981262,0,0.00022600000374950469,0.12114900350570679,0,1,0.07998599857091904,-0.027659999206662178,0.9964119791984558,0,-0.9650099873542786,-0.2525720000267029,0.07045400142669678,0,0.24971699714660645,-0.967182993888855,-0.046893998980522156,0,-0.37749800086021423,0.8990659713745117,-0.008968999609351158,1,0.9863460063934326,-0.1621060073375702,0.029041999951004982,0,0.07494200021028519,0.5988439917564392,0.7973510026931763,0,-0.14664700627326965,-0.7842879891395569,0.6028159856796265,0,0,0.7977359890937805,0,1,0.49011901021003723,-0.2618109881877899,0.8314070105552673,0,0.43712499737739563,0.8990409970283508,0.02542099915444851,0,-0.7541249990463257,0.35097000002861023,0.5550810098648071,0,0,1.3467719554901123,0,1,0.9374480247497559,0.17177000641822815,-0.3027989864349365,0,-0.0012390000047162175,0.8714359998703003,0.49050799012184143,0,0.3481239974498749,-0.45945000648498535,0.8171380162239075,0,0,1.9000250101089478,0,1,0.9853460192680359,-0.01133199967443943,0.17019300162792206,0,-0.034170001745224,0.9644500017166138,0.26204800605773926,0,-0.16711199283599854,-0.2640230059623718,0.9499289989471436,0,0.11044000089168549,0.0746299996972084,0.024421999230980873,1,0.99515700340271,0.06948599964380264,-0.0695279985666275,0,-0.06625299900770187,0.9966580271720886,0.047777000814676285,0,0.07261600345373154,-0.04293899983167648,0.9964349865913391,0,0.030925000086426735,0.10390400141477585,0,1,0.9893829822540283,-0.14072200655937195,-0.036315999925136566,0,0.13881799578666687,0.9890300035476685,-0.05050000175833702,0,0.04302399978041649,0.044923000037670135,0.9980639815330505,0,0.0025160000659525394,0.15937800705432892,0,1,0.9978229999542236,-0.06547699868679047,0.007926000282168388,0,0.05806700140237808,0.9291110038757324,0.365213006734848,0,-0.03127700090408325,-0.3639569878578186,0.9308900237083435,0,0.15652599930763245,0.443107008934021,0.009692000225186348,1,0.9990090131759644,0.043954998254776,0.006955999881029129,0,-0.043873999267816544,0.9466440081596375,0.3192799985408783,0,0.007449000142514706,-0.31926798820495605,0.9476349949836731,0,-0.00046800001291558146,0.12893900275230408,0,1,0.9997339844703674,0.022950999438762665,0.002041999949142337,0,-0.022979000583291054,0.9865549802780151,0.16180500388145447,0,0.001699000014923513,-0.16180899739265442,0.9868209958076477,0,0.00011000000085914508,0.12066999822854996,0,1,0.9981030225753784,-0.06111999973654747,0.007418000139296055,0,0.05419699847698212,0.9293590188026428,0.36517900228500366,0,-0.02921300008893013,-0.36408400535583496,0.9309080243110657,0,0.05274499952793121,0.48382800817489624,-0.006022999994456768,1,0.9991049766540527,0.04169899970293045,0.007056000176817179,0,-0.04176900163292885,0.9467689990997314,0.31919199228286743,0,0.006628999952226877,-0.3192009925842285,0.9476640224456787,0,-0.00004400000034365803,0.12575800716876984,0,1,0.9998649954795837,0.016402000561356544,0.0012710000155493617,0,-0.016390999779105186,0.9866930246353149,0.16176800429821014,0,0.0013989999424666166,-0.16176700592041016,0.9868280291557312,0,0.0002209999947808683,0.11524499952793121,0,1,0.9982290267944336,-0.059282999485731125,0.004881999921053648,0,0.05341000109910965,0.9294049739837646,0.3651759922504425,0,-0.026186000555753708,-0.3642689883708954,0.9309260249137878,0,-0.05200599879026413,0.4794189929962158,-0.012000000104308128,1,0.9991350173950195,0.04100799933075905,0.006963999941945076,0,-0.041085999459028244,0.9468380212783813,0.31907498836517334,0,0.006490999832749367,-0.3190850019454956,0.947704017162323,0,0.00005199999941396527,0.12687000632286072,0,1,0.9998360276222229,0.018069999292492867,0.0013210000470280647,0,-0.018045999109745026,0.9866740107536316,0.16170600056648254,0,0.0016189999878406525,-0.16170400381088257,0.9868379831314087,0,0.00014000000373926014,0.12043900042772293,0,1,0.9977380037307739,-0.06601399928331375,0.012722999788820744,0,0.05682099983096123,0.9291880130767822,0.3652139902114868,0,-0.035930998623371124,-0.36366501450538635,0.9308369755744934,0,-0.15726399421691895,0.4191020131111145,0.011191999539732933,1,0.9990959763526917,0.04195199906826019,0.006827999837696552,0,-0.041933998465538025,0.9466729760169983,0.31945499777793884,0,0.006936999969184399,-0.31945300102233887,0.9475769996643066,0,-0.0003699999942909926,0.15206600725650787,0,1,0.9998109936714172,0.01935099996626377,0.0018479999853298068,0,-0.019394999369978905,0.9866170287132263,0.16189800202846527,0,0.0013099999632686377,-0.1619029939174652,0.9868059754371643,0,0.0002010000025620684,0.12824800610542297,0,1,-0.988910973072052,-0.05455800145864487,0.13812699913978577,0,0.10274200141429901,-0.9229180216789246,0.37103399634361267,0,0.10723699629306793,0.3811109960079193,0.9182890057563782,0,0.5792359709739685,-0.38043200969696045,-0.058410998433828354,1,0.9926260113716125,0.10110700130462646,0.06685999780893326,0,0.0042420001700520515,0.5222690105438232,-0.8527699708938599,0,-0.1211400032043457,0.8467659950256348,0.5179889798164368,0,0,3.0591208934783936,0,1,0.9815359711647034,-0.01959799975156784,0.19026899337768555,0,-0.18109500408172607,0.22498999536037445,0.9573839902877808,0,-0.06157200038433075,-0.9741640090942383,0.21728700399398804,0,0,2.6654000282287598,0,1,0.9997349977493286,-0.02283800020813942,0.0027729999274015427,0,0.019745999947190285,0.9136630296707153,0.4059920012950897,0,-0.01180499978363514,-0.4058299958705902,0.913873016834259,0,0,0.7838420271873474,0,1,-0.9839580059051514,-0.020847000181674957,-0.17717599868774414,0,-0.014264999888837337,-0.980774998664856,0.1946219950914383,0,-0.17782700061798096,0.19402800500392914,0.964743971824646,0,-0.5792359709739685,-0.38043200969696045,-0.06228699907660484,1,0.9913880228996277,0.040998999029397964,-0.1243709996342659,0,-0.10793299973011017,0.7936490178108215,-0.5987250208854675,0,0.07416000217199326,0.6069920063018799,0.7912399768829346,0,0,3.0592141151428223,0,1,0.9849399924278259,-0.015449999831616879,-0.17220500111579895,0,0.17286300659179688,0.06831999868154526,0.9825739860534668,0,-0.0034149999264627695,-0.99754399061203,0.06996200233697891,0,0,2.6652939319610596,0,1,0.9996780157089233,0.025366000831127167,0,0,-0.02332800067961216,0.9193739891052246,0.39269301295280457,0,0.009960999712347984,-0.3925659954547882,0.9196699857711792,0,0,0.7752379775047302,0,1
K0.033,0.9992330074310303,-0.017229024320840836,-0.035152096301317215,0,0.014701016247272491,0.9973710179328918,-0.07095704227685928,0,0.036282096058130264,0.07038604468107224,0.9968600273132324,0,-0.00608908711001277,6.306062698364258,0.012111703865230083,1,0.9990699887275696,-0.014368034899234772,-0.040647175163030624,0,0.014722037129104137,0.9998559951782227,0.008424017578363419,0,0.04052017629146576,-0.009015022777020931,0.9991379976272583,0,0,0.68504399061203,-0.04124800115823746,1,0.9991310238838196,-0.02342901937663555,-0.0344681479036808,0,0.024860026314854622,0.9988210201263428,0.041685011237859726,0,0.03345014899969101,-0.04250601679086685,0.9985359907150269,0,0,0.8006659746170044,0,1,0.9991210103034973,-0.024478023871779442,-0.03402614966034889,0,0.025874031707644463,0.9988160133361816,0.041199009865522385,0,0.0329771488904953,-0.042043015360832214,0.99857097864151,0,0,0.9150469899177551,0,1,0.9993159770965576,-0.036747999489307404,0.004024079535156488,0,0.03687100484967232,0.9986429810523987,-0.03678195923566818,0,-0.0026670810766518116,0.0369049608707428,0.9993150234222412,0,0,1.0294270515441895,0,1,0.9972209334373474,0.03947829082608223,0.06318740546703339,0,-0.02603021450340748,0.9792450070381165,-0.20099994540214539,0,-0.06981144845485687,0.19879589974880219,0.9775509834289551,0,0,0.299795001745224,0.14210399985313416,1,-0.05746300145983696,0.011752000078558922,-0.998278021812439,0,0.9649310111999512,-0.25589001178741455,-0.058556001633405685,0,-0.25613799691200256,-0.9666339755058289,0.0033639995381236076,0,0.37749800086021423,0.8989310264587402,-0.006738000083714724,1,0.9410210251808167,0.33396196365356445,-0.05431314557790756,0,-0.1808558851480484,0.6321420669555664,0.7534499764442444,0,0.28595706820487976,-0.6991890072822571,0.6552579998970032,0,0,0.7977359890937805,0,1,0.5022760033607483,0.2747580409049988,-0.8198950290679932,0,-0.4527820348739624,0.8913660049438477,0.021330002695322037,0,0.7366870045661926,0.36051902174949646,0.5721169710159302,0,0,1.3464269638061523,0,1,0.7819599509239197,-0.10151194036006927,0.6150081157684326,0,-0.1691751927137375,0.9150539636611938,0.3661360740661621,0,-0.5999320149421692,-0.3903481364250183,0.698361873626709,0,0,1.9011919498443604,0,1,0.9819329977035522,-0.03257400169968605,-0.18640300631523132,0,0.08384999632835388,0.9579830169677734,0.27429500222206116,0,0.16963599622249603,-0.2849690020084381,0.9434069991111755,0,-0.11861400306224823,0.07873599976301193,0.029997000470757484,1,0.9943050146102905,-0.06288699805736542,0.08604399859905243,0,0.06049799919128418,0.9977139830589294,0.030098000541329384,0,-0.08773999661207199,-0.024721000343561172,0.9958369731903076,0,-0.034887999296188354,0.11104299873113632,0,1,0.9987729787826538,-0.009393000043928623,0.04862000048160553,0,0.011775000020861626,0.9987329840660095,-0.048928000032901764,0,-0.04809900000691414,0.04944000020623207,0.9976180195808411,0,0.006587999872863293,0.1529659926891327,0,1,0.9974039793014526,0.07177499681711197,-0.005841000005602837,0,-0.0666780024766922,0.951108992099762,0.3015730082988739,0,0.027201000601053238,-0.3003999888896942,0.9534249901771545,0,-0.16239400207996368,0.48920899629592896,0.003900999901816249,1,0.998134970664978,-0.06008300185203552,-0.01082099974155426,0,0.059723999351263046,0.9242449998855591,0.37709900736808777,0,-0.012656000442802906,-0.3770419955253601,0.926110029220581,0,0.0007399999885819852,0.11603499948978424,0,1,0.9992330074310303,-0.038993000984191895,-0.003662999952211976,0,0.03897000104188919,0.9805840253829956,0.1921910047531128,0,-0.0039019999094307423,-0.19218599796295166,0.9813510179519653,0,0.000060999998822808266,0.10590799897909164,0,1,0.99754399061203,0.06983199715614319,-0.005373000167310238,0,-0.06497199833393097,0.9513149857521057,0.3012939989566803,0,0.026151999831199646,-0.3002049922943115,0.9535160064697266,0,-0.05575200170278549,0.5028749704360962,-0.0012000000569969416,1,0.9978610277175903,-0.0641380026936531,-0.012621999718248844,0,0.06415499746799469,0.9238929748535156,0.37723401188850403,0,-0.012533999979496002,-0.3772369921207428,0.9260320067405701,0,0.0005130000063218176,0.11693499982357025,0,1,0.9997180104255676,-0.023552000522613525,-0.002947000088170171,0,0.02367899939417839,0.9810749888420105,0.1921750009059906,0,-0.0016349999932572246,-0.1921910047531128,0.9813560247421265,0,-0.0005039999959990382,0.10652100294828415,0,1,0.9979559779167175,0.06390099972486496,-0.0008970000199042261,0,-0.06065699830651283,0.9515249729156494,0.30153200030326843,0,0.020121999084949493,-0.3008610010147095,0.9534559845924377,0,0.050574999302625656,0.4728190004825592,-0.011254999786615372,1,0.9981200098991394,-0.06006700173020363,-0.012171000242233276,0,0.06022299826145172,0.9243919849395752,0.37665900588035583,0,-0.011374000459909439,-0.3766840100288391,0.9262719750404358,0,-0.000028000000384054147,0.12418899685144424,0,1,0.9997069835662842,-0.024111999198794365,-0.002256999956443906,0,0.024096999317407608,0.9810979962348938,0.19200700521469116,0,-0.00241499999538064,-0.19200499355793,0.9813910126686096,0,-0.00031800000579096377,0.12166900187730789,0,1,0.9997299909591675,0.0016850000247359276,-0.02316099964082241,0,0.005109000019729137,0.956961989402771,0.2901670038700104,0,0.02265300042927265,-0.29020699858665466,0.9566959738731384,0,0.16756999492645264,0.42751801013946533,-0.0018850000342354178,1,0.9998810291290283,0.011033999733626842,-0.010821999981999397,0,-0.005987000185996294,0.9220600128173828,0.38700100779533386,0,0.014248999767005444,-0.3868899941444397,0.9220160245895386,0,0.0006689999718219042,0.15912799537181854,0,1,0.9992259740829468,-0.03916100040078163,-0.003659999929368496,0,0.039135001599788666,0.9806020259857178,0.19206400215625763,0,-0.003932000137865543,-0.1920579969882965,0.9813759922981262,0,0.00022600000374950469,0.12114900350570679,0,1,0.08077600598335266,-0.027600999921560287,0.9963499903678894,0,-0.9651029706001282,-0.2519870102405548,0.07126200944185257,0,0.249099999666214,-0.9673370122909546,-0.04699200019240379,0,-0.37749800086021423,0.8990659713745117,-0.008968999609351158,1,0.9839500188827515,-0.17460110783576965,0.03685010224580765,0,0.08061503618955612,0.6191551685333252,0.7811198234558105,0,-0.15920011699199677,-0.7656118273735046,0.6232931613922119,0,0,0.7977359890937805,0,1,0.4838169515132904,-0.27439311146736145,0.8310409784317017,0,0.4581332206726074,0.8884838819503784,0.026643013581633568,0,-0.7456778883934021,0.36783719062805176,0.5555729866027832,0,0,1.3467719554901123,0,1,0.9549691081047058,0.12850965559482574,-0.2674317955970764,0,0.012457143515348434,0.8831761479377747,0.4688757658004761,0,0.29644468426704407,-0.45109283924102783,0.8418051600456238,0,0,1.9000250101089478,0,1,0.9853460192680359,-0.011332999914884567,0.17019300162792206,0,-0.034170001745224,0.9644500017166138,0.26204800605773926,0,-0.16711199283599854,-0.2640230059623718,0.9499289989471436,0,0.11044000089168549,0.0746299996972084,0.024421999230980873,1,0.99515700340271,0.06948599964380264,-0.0695279985666275,0,-0.06625299900770187,0.9966580271720886,0.047777000814676285,0,0.07261600345373154,-0.04293899983167648,0.9964349865913391,0,0.030925000086426735,0.10390400141477585,0,1,0.9893829822540283,-0.14072200655937195,-0.036315999925136566,0,0.13881799578666687,0.9890300035476685,-0.05050000175833702,0,0.04302399978041649,0.044923000037670135,0.9980639815330505,0,0.0025160000659525394,0.15937800705432892,0,1,0.9978229999542236,-0.06547699868679047,0.007926000282168388,0,0.05806700140237808,0.9291110038757324,0.365213006734848,0,-0.03127799928188324,-0.3639569878578186,0.9308900237083435,0,0.15652599930763245,0.443107008934021,0.009692000225186348,1,0.9990090131759644,0.043954998254776,0.006955999881029129,0,-0.043873999267816544,0.9466440081596375,0.3192799985408783,0,0.007449000142514706,-0.31926798820495605,0.9476349949836731,0,-0.00046800001291558146,0.12893900275230408,0,1,0.9997339844703674,0.022950999438762665,0.002041999949142337,0,-0.022979000583291054,0.9865549802780151,0.16180500388145447,0,0.001699000014923513,-0.16180899739265442,0.9868209958076477,0,0.00011000000085914508,0.12066999822854996,0,1,0.9981030225753784,-0.06111999973654747,0.007418000139296055,0,0.05419699847698212,0.9293590188026428,0.36517900228500366,0,-0.02921300008893013,-0.36408400535583496,0.9309080243110657,0,0.05274499952793121,0.48382800817489624,-0.006022999994456768,1,0.9991049766540527,0.04169899970293045,0.007056000176817179,0,-0.04176900163292885,0.9467689990997314,0.31919199228286743,0,0.006628999952226877,-0.3192009925842285,0.9476640224456787,0,-0.00004400000034365803,0.12575800716876984,0,1,0.9998649954795837,0.016402000561356544,0.0012710000155493617,0,-0.016390999779105186,0.9866930246353149,0.16176800429821014,0,0.0013989999424666166,-0.16176700592041016,0.9868280291557312,0,0.0002209999947808683,0.11524499952793121,0,1,0.9982290267944336,-0.059282999485731125,0.004881999921053648,0,0.05341000109910965,0.9294049739837646,0.3651759922504425,0,-0.026187000796198845,-0.3642689883708954,0.9309260249137878,0,-0.05200599879026413,0.4794189929962158,-0.012000000104308128,1,0.9991350173950195,0.041009001433849335,0.006963999941945076,0,-0.041085999459028244,0.9468380212783813,0.31907498836517334,0,0.006490999832749367,-0.3190850019454956,0.947704017162323,0,0.00005199999941396527,0.12687000632286072,0,1,0.9998360276222229,0.018069999292492867,0.0013210000470280647,0,-0.018045999109745026,0.9866740107536316,0.16170600056648254,0,0.001617999980226159,-0.16170400381088257,0.9868379831314087,0,0.00014000000373926014,0.12043900042772293,0,1,0.9977380037307739,-0.06601399928331375,0.012722999788820744,0,0.05682099983096123,0.9291880130767822,0.3652139902114868,0,-0.035930998623371124,-0.36366501450538635,0.9308369755744934,0,-0.15726399421691895,0.4191020131111145,0.011191999539732933,1,0.9990959763526917,0.04195199906826019,0.006827999837696552,0,-0.041933998465538025,0.9466729760169983,0.31945499777793884,0,0.006936999969184399,-0.3194519877433777,0.9475769996643066,0,-0.0003699999942909926,0.15206600725650787,0,1,0.9998109936714172,0.01935099996626377,0.0018479999853298068,0,-0.019394999369978905,0.9866170287132263,0.16189800202846527,0,0.0013099999632686377,-0.1619029939174652,0.9868059754371643,0,0.0002010000025620684,0.12824800610542297,0,1,-0.9853399395942688,-0.04303288087248802,0.16508826613426208,0,0.10529401153326035,-0.9147739410400391,0.39000311493873596,0,0.13423527777194977,0.40166813135147095,0.905893862247467,0,0.5792359709739685,-0.38043200969696045,-0.058410998433828354,1,0.9945060014724731,0.06746862828731537,0.08003702759742737,0,0.017360124737024307,0.6477022171020508,-0.7616957426071167,0,-0.10322979837656021,0.7589008212089539,0.6429721713066101,0,0,3.0591208934783936,0,1,0.9826980233192444,-0.018441015854477882,0.1842949390411377,0,-0.175029918551445,0.2329561561346054,0.9566069841384888,0,-0.0605730265378952,-0.9723119139671326,0.22569714486598969,0,0,2.6654000282287598,0,1,0.9997770190238953,-0.02112800069153309,0,0,0.019478999078273773,0.9217309951782227,0.3873389959335327,0,-0.008183999918401241,-0.3872529864311218,0.9219369888305664,0,0,0.7838420271873474,0,1,-0.9817759990692139,-0.02021900564432144,-0.18896310031414032,0,-0.00524189043790102,-0.9910650849342346,0.13327841460704803,0,-0.18997010588645935,0.13183942437171936,0.9728980660438538,0,-0.5792359709739685,-0.38043200969696045,-0.06228699907660484,1,0.9919819831848145,0.03964998200535774,-0.11999396979808807,0,-0.10070693492889404,0.8216412663459778,-0.5610376596450806,0,0.07634703069925308,0.5686236619949341,0.819047212600708,0,0,3.0592141151428223,0,1,0.9853429794311523,-0.00027983993641100824,-0.17058198153972626,0,0.17017297446727753,0.0708080306649208,0.9828670024871826,0,0.011803161352872849,-0.9974899888038635,0.06981699913740158,0,0,2.6652939319610596,0,1,0.9996780157089233,0.025366000831127167,0,0,-0.02332800067961216,0.9193739891052246,0.39269301295280457,0,0.009960999712347984,-0.3925659954547882,0.9196699857711792,0,0,0.7752379775047302,0,1
