1.033,30,30,65
B0,mixamorig_Hips,-1,0.9928131699562073,0.047668129205703735,-0.10932451486587524,0,-0.044639576226472855,0.9985242486000061,0.029653819277882576,0,0.11061712354421616,-0.024512100964784622,0.9935223460197449,0,0.023749133571982384,0.7654991149902344,0.019672881811857224,1
B1,mixamorig_Spine,0,0.9889277219772339,-0.08271919935941696,0.12282463908195496,0,0.08628954738378525,0.9959301352500916,-0.023896871134638786,0,-0.12031133472919464,0.03426055610179901,0.9921266436576843,0,0,0.11593600362539291,-0.011792999692261219,1
B2,mixamorig_Spine1,1,0.9917537569999695,0.03813580423593521,0.12216423451900482,0,-0.04344180226325989,0.9982081055641174,0.04099993780255318,0,-0.12037843465805054,-0.045989636331796646,0.9916442036628723,0,0,0.1359570026397705,0,1
B3,mixamorig_Spine2,2,0.9917290210723877,0.042444974184036255,0.12093485891819,0,-0.047240305691957474,0.9981905817985535,0.03701261803507805,0,-0.11914236098527908,-0.04244018718600273,0.9919523000717163,0,0,0.1553799957036972,0,1
B4,mixamorig_Neck,3,0.9959270358085632,-0.02883000299334526,-0.08530107885599136,0,0.03761414438486099,0.9939365983009338,0.10326039791107178,0,0.08180993050336838,-0.1060604527592659,0.9909831881523132,0,0,0.1748020052909851,0,1
B5,mixamorig_Head,4,0.9827808737754822,-0.04401762783527374,-0.1794281303882599,0,0.03316101059317589,0.997445821762085,-0.06295350193977356,0,0.181741401553154,0.055919546633958817,0.9817303419113159,0,0,0.14271500706672668,0.003986999858170748,1
B6,mixamorig_HeadTop_End,5,1,0,0,0,0,1,0,0,0,0,1,0,0,0.18816600739955902,0.005257000215351582,1
B7,mixamorig_LeftShoulder,3,-0.04186590760946274,0.00852761697024107,-0.9990769028663635,0,0.8108718991279602,-0.5839135050773621,-0.03896430507302284,0,-0.5837075114250183,-0.8117707967758179,0.01752951368689537,0,0.05319900065660477,0.13666799664497375,-0.012377999722957611,1
B8,mixamorig_LeftArm,7,0.8441348075866699,0.5084383487701416,-0.16949613392353058,0,-0.3813457787036896,0.7916480898857117,0.47676852345466614,0,0.3764077425003052,-0.3378840684890747,0.8623167276382446,0,0,0.13756999373435974,0,1
B9,mixamorig_LeftForeArm,8,0.6316503286361694,0.7702153921127319,0.08135402947664261,0,-0.7683249115943909,0.6099453568458557,0.19081637263298035,0,0.0976366177201271,-0.18303580582141876,0.9782124161720276,0,0,0.23937299847602844,0,1
B10,mixamorig_LeftHand,9,0.9449301958084106,-0.1683478057384491,-0.2804415822029114,0,0.16168668866157532,0.9848517775535583,-0.04794502258300781,0,0.2843448221683502,-0.000031919018510961905,0.9578158855438232,0,0,0.17089100182056427,0,1
B11,mixamorig_LeftHandThumb1,10,0.8314759731292725,0.5501289963722229,-0.07749900221824646,0,-0.5075119733810425,0.8088859915733337,0.296875,0,0.22600699961185455,-0.2075130045413971,0.9517660140991211,0,-0.016023000702261925,0.04635800048708916,0.014933000318706036,1
B12,mixamorig_LeftHandThumb2,11,0.9055695533752441,-0.42048561573028564,0.05512933060526848,0,0.4238855838775635,0.9015249609947205,-0.0865924209356308,0,-0.013317335397005081,0.10175837576389313,0.9947073459625244,0,0.002741999924182892,0.04092499986290932,0,1
B13,mixamorig_LeftHandThumb3,12,0.9011310338973999,0.34542661905288696,-0.261961430311203,0,-0.4097383916378021,0.8760170936584473,-0.2543412446975708,0,0.14162413775920868,0.336538702249527,0.9309580326080322,0,-0.007122000213712454,0.033424001187086105,0,1
B14,mixamorig_LeftHandThumb4,13,1,0,0,0,0,1,0,0,0,0,1,0,0.004379000049084425,0.02551800012588501,0,1
B15,mixamorig_LeftHandIndex1,10,0.9879927039146423,0.15413060784339905,-0.010540716350078583,0,-0.14431558549404144,0.9450913667678833,0.2931293249130249,0,0.05513235181570053,-0.28808918595314026,0.9559891819953918,0,-0.031094999983906746,0.12571899592876434,-0.000037000001611886546,1
B16,mixamorig_LeftHandIndex2,15,0.9999158382415771,-0.012782483361661434,-0.0023426206316798925,0,0.012952645309269428,0.9656853079795837,0.2593934237957001,0,-0.0010534587781876326,-0.25940144062042236,0.9657684564590454,0,-0.00011200000153621659,0.025721000507473946,0,1
B17,mixamorig_LeftHandIndex3,16,0.9999240040779114,-0.012290645390748978,-0.0005052966880612075,0,0.012000644579529762,0.9656952619552612,0.25940144062042236,0,-0.002700620796531439,-0.259388267993927,0.9657694697380066,0,-0.00002700000004551839,0.024692000821232796,0,1
B18,mixamorig_LeftHandIndex4,17,1,0,0,0,0,1,0,0,0,0,1,0,0.00013899999612476677,0.02144699916243553,0,1
B19,mixamorig_LeftHandMiddle1,10,0.9996317625045776,0.026675840839743614,0.0047899154014885426,0,-0.026170436292886734,0.9040932655334473,0.42649373412132263,0,0.007038670126348734,-0.42646345496177673,0.9044602513313293,0,-0.013526000082492828,0.13309699296951294,-0.005820999853312969,1
B20,mixamorig_LeftHandMiddle2,19,0.9998148083686829,-0.019138293340802193,-0.001859296695329249,0,0.019114132970571518,0.9787043929100037,0.2043835073709488,0,-0.00209245877340436,-0.20438151061534882,0.9788894057273865,0,-0.000045000000682193786,0.030094999819993973,0,1
B21,mixamorig_LeftHandMiddle3,20,0.9995478391647339,-0.029915131628513336,-0.0029877827037125826,0,0.029765969142317772,0.9707601070404053,0.2381971776485443,0,-0.004225106909871101,-0.238179013133049,0.9712122678756714,0,0.00007200000254670158,0.028284000232815742,0,1
B22,mixamorig_LeftHandMiddle4,21,1,0,0,0,0,1,0,0,0,0,1,0,-0.000028000000384054147,0.02418600022792816,0,1
B23,mixamorig_LeftHandRing1,10,0.9994873404502869,-0.03139949589967728,0.006178476382046938,0,0.025200344622135162,0.8912325501441956,0.4528156816959381,0,-0.019730623811483383,-0.4524283707141876,0.8915678262710571,0,0.012670000083744526,0.1332390010356903,-0.0036279999185353518,1
B24,mixamorig_LeftHandRing2,23,0.9990931749343872,-0.042065732181072235,-0.006546189542859793,0,0.041850730776786804,0.9422998428344727,0.33214378356933594,0,-0.007803351618349552,-0.33211663365364075,0.9432058334350586,0,0.00003400000059627928,0.026302000507712364,0,1
B25,mixamorig_LeftHandRing3,24,0.9981851577758789,-0.05912473052740097,-0.011442027986049652,0,0.05922473222017288,0.929359495639801,0.3643946349620819,0,-0.010911027900874615,-0.3644106388092041,0.9311745166778564,0,0.00005199999941396527,0.024826999753713608,0,1
B26,mixamorig_LeftHandRing4,25,1,0,0,0,0,1,0,0,0,0,1,0,-0.00008499999967170879,0.019443999975919724,0,1
B27,mixamorig_LeftHandPinky1,10,0.9989994764328003,-0.020791929215192795,0.039532922208309174,0,-0.0026269382797181606,0.8561740517616272,0.5166679620742798,0,-0.0445963479578495,-0.5162572860717773,0.8552663326263428,0,0.031950999051332474,0.12392400205135345,-0.0008110000053420663,1
B28,mixamorig_LeftHandPinky2,27,0.9988260269165039,-0.048070069402456284,-0.005994835402816534,0,0.04765458405017853,0.9527987837791443,0.29983872175216675,0,-0.008701130747795105,-0.29977256059646606,0.9539708495140076,0,0.00007699999696342275,0.02375200018286705,0,1
B29,mixamorig_LeftHandPinky3,28,0.9981746673583984,-0.05968758463859558,-0.00924829300493002,0,0.05971258506178856,0.9521445035934448,0.29975786805152893,0,-0.009086293168365955,-0.29976287484169006,0.9539706707000732,0,0.00006800000119255856,0.01880500093102455,0,1
B30,mixamorig_LeftHandPinky4,29,1,0,0,0,0,1,0,0,0,0,1,0,-0.0001449999981559813,0.017534999176859856,0,1
B31,mixamorig_RightShoulder,3,0.14101113379001617,-0.009064670652151108,0.9899581670761108,0,-0.7926163673400879,-0.6001721620559692,0.10740082710981369,0,0.5931719541549683,-0.7998156547546387,-0.09182436764240265,0,-0.05319900065660477,0.13495700061321259,0.004447000101208687,1
B32,mixamorig_RightArm,31,0.8473544716835022,-0.12140510976314545,0.5168598890304565,0,-0.24632173776626587,0.7723615765571594,0.5853288769721985,0,-0.47024157643318176,-0.6233255863189697,0.6246823072433472,0,0,0.13756999373435974,0,1
B33,mixamorig_RightForeArm,32,0.9825690984725952,-0.18586640059947968,0.003092310857027769,0,0.18581856787204742,0.9815710783004761,-0.04457166790962219,0,0.005249310750514269,0.04436931386590004,0.9990009665489197,0,0,0.23937800526618958,0,1
B34,mixamorig_RightHand,33,0.9933335781097412,0.030684607103466988,-0.10992321372032166,0,0.007190349977463484,0.9444738030433655,0.32790789008140564,0,0.11410199105739594,-0.3264942467212677,0.9381771683692932,0,0,0.16838599741458893,0,1
B35,mixamorig_RightHandThumb1,34,0.8101329803466797,-0.5680689811706543,0.1448548287153244,0,0.4548949897289276,0.764989972114563,0.45591801404953003,0,-0.3698050081729889,-0.3034600019454956,0.878154993057251,0,0.02542000077664852,0.06073400005698204,0.01903899945318699,1
B36,mixamorig_RightHandThumb2,35,0.8431334495544434,0.5374859571456909,-0.01476774737238884,0,-0.5362313389778137,0.8384910225868225,-0.09685680270195007,0,-0.03968283161520958,0.08958566188812256,0.9951798319816589,0,-0.004736999981105328,0.05462399870157242,0,1
B37,mixamorig_RightHandThumb3,36,0.9837965965270996,-0.1088695079088211,-0.142450213432312,0,0.0605778805911541,0.9496451616287231,-0.3074151575565338,0,0.16874505579471588,0.29380419850349426,0.9408524036407471,0,0.0036979999858886003,0.04222499951720238,0,1
B38,mixamorig_RightHandThumb4,37,1,0,0,0,0,1,0,0,0,0,1,0,0.0010389999952167273,0.034363001585006714,0,1
B39,mixamorig_RightHandIndex1,34,0.9873476028442383,-0.15654847025871277,-0.025238746777176857,0,0.15724638104438782,0.9460802674293518,0.2831657826900482,0,-0.020450027659535408,-0.2835521101951599,0.9587270021438599,0,0.03757999837398529,0.14666299521923065,0.0036770000588148832,1
B40,mixamorig_RightHandIndex2,39,0.9995181560516357,0.030356675386428833,0.006426000036299229,0,-0.030356837436556816,0.9137578010559082,0.4051238000392914,0,0.006425837986171246,-0.4051238000392914,0.9142389893531799,0,-0.000009999999747378752,0.02348800003528595,0,1
B41,mixamorig_RightHandIndex3,40,0.9999030232429504,0.013836676254868507,0.0012888379860669374,0,-0.013836676254868507,0.9827048182487488,0.18466044962406158,0,0.0012890000361949205,-0.18466044962406158,0.9828018546104431,0,-0.000029999999242136255,0.0218260008841753,0,1
B42,mixamorig_RightHandIndex4,41,1,0,0,0,0,1,0,0,0,0,1,0,0.000039999998989515007,0.0189449992030859,0,1
B43,mixamorig_RightHandMiddle1,34,0.9965436458587646,-0.08183179050683975,-0.014271440915763378,0,0.08233486860990524,0.9503053426742554,0.30023205280303955,0,-0.01100567914545536,-0.3003690540790558,0.9537594318389893,0,0.013751000165939331,0.1502559930086136,-0.005601999815553427,1
B44,mixamorig_RightHandMiddle2,43,0.9988393187522888,0.04591870680451393,0.014570975676178932,0,-0.04591870680451393,0.8159823417663574,0.5762503743171692,0,0.014570813626050949,-0.5762503743171692,0.8171430230140686,0,0.000037000001611886546,0.02859099954366684,0,1
B45,mixamorig_RightHandMiddle3,44,0.999600350856781,0.02781757153570652,0.005013920366764069,0,-0.02781757153570652,0.9366744160652161,0.3490949869155884,0,0.005013920366764069,-0.3490949869155884,0.9370740652084351,0,-0.00002700000004551839,0.026311000809073448,0,1
B46,mixamorig_RightHandMiddle4,45,1,0,0,0,0,1,0,0,0,0,1,0,-0.000009999999747378752,0.02469399943947792,0,1
B47,mixamorig_RightHandRing1,34,0.9991231560707092,-0.04183226078748703,0.0017452389001846313,0,0.038530200719833374,0.9349676370620728,0.3526308536529541,0,-0.01638338528573513,-0.3522546887397766,0.9357594847679138,0,-0.01723800040781498,0.16201600432395935,-0.0020089999306946993,1
B48,mixamorig_RightHandRing2,47,0.9981706738471985,0.05535321310162544,0.024301700294017792,0,-0.05535321310162544,0.6752545833587646,0.7355049252510071,0,0.024302538484334946,-0.7355049252510071,0.6770830750465393,0,-0.0000019999999949504854,0.01920199953019619,0,1
B49,mixamorig_RightHandRing3,48,0.9995438456535339,0.029578672721982002,0.006057430990040302,0,-0.029578672721982002,0.9190540909767151,0.3930203318595886,0,0.006057430990040302,-0.3930203318595886,0.9195094108581543,0,-0.000014000000192027073,0.017619000747799873,0,1
B50,mixamorig_RightHandRing4,49,1,0,0,0,0,1,0,0,0,0,1,0,0.000015999999959603883,0.01469700038433075,0,1
B51,mixamorig_RightHandPinky1,34,0.9999266862869263,-0.010965371504426003,-0.004942929372191429,0,0.012025862000882626,0.9045627117156982,0.4261680543422699,0,-0.00020252422837074846,-0.42619645595550537,0.9046297073364258,0,-0.03409399837255478,0.15438400208950043,0.003192000091075897,1
B52,mixamorig_RightHandPinky2,51,0.9989870190620422,0.043643638491630554,0.010982049629092216,0,-0.043643638491630554,0.8799554705619812,0.4730469286441803,0,0.010982049629092216,-0.4730469286441803,0.8809683918952942,0,-0.000035000000934815034,0.019951000809669495,0,1
B53,mixamorig_RightHandPinky3,52,0.9996883273124695,0.024742072448134422,0.003379997331649065,0,-0.024742072448134422,0.9630526304244995,0.26817384362220764,0,0.0033798350486904383,-0.26817384362220764,0.9633641242980957,0,-0.000007000000096013537,0.017869999632239342,0,1
B54,mixamorig_RightHandPinky4,53,1,0,0,0,0,1,0,0,0,0,1,0,0.00004199999966658652,0.014127000235021114,0,1
B55,mixamorig_LeftUpLeg,0,-0.9834118485450745,0.0019091550493612885,0.18107376992702484,0,-0.0331990048289299,-0.9848375916481018,-0.16874799132347107,0,0.1781061738729477,-0.1719227433204651,0.9685720205307007,0,0.10147599875926971,-0.06388100236654282,-0.014752999879419804,1
B56,mixamorig_LeftLeg,55,0.9979260563850403,0.017439812421798706,-0.058649852871894836,0,-0.029001591727137566,0.9790602922439575,-0.20147067308425903,0,0.05390283092856407,0.20278926193714142,0.9775308966636658,0,0,0.35604000091552734,0,1
B57,mixamorig_LeftFoot,56,0.9887976050376892,0.021330105140805244,-0.1428552269935608,0,0.13770341873168945,0.1622246652841568,0.976223349571228,0,0.043319858610630035,-0.9863499999046326,0.15747776627540588,0,0,0.3088560104370117,0,1
B58,mixamorig_LeftToeBase,57,0.9971774816513062,0.004998835735023022,-0.07491853833198547,0,0.043436795473098755,0.7754536271095276,0.6298999786376953,0,0.06124512478709221,-0.6313761472702026,0.7730478048324585,0,0,0.13569700717926025,0,1
B59,mixamorig_LeftToe_End,58,1,0,0,0,0,1,0,0,0,0,1,0,0,0.06672299653291702,0,1
B60,mixamorig_RightUpLeg,0,-0.985851526260376,0.05445265397429466,-0.15845665335655212,0,-0.1455623060464859,-0.7468987703323364,0.64878249168396,0,-0.0830255076289177,0.6626671552658081,0.7442586421966553,0,-0.10147599875926971,-0.06388100236654282,0.006767000071704388,1
B61,mixamorig_RightLeg,60,0.9978460073471069,-0.03872961550951004,-0.05222923681139946,0,0.009224453009665012,0.8722763061523438,-0.47966328263282776,0,0.06347137689590454,0.4781672954559326,0.8708504438400269,0,0,0.3554359972476959,0,1
B62,mixamorig_RightFoot,61,0.9919256567955017,0.1025017499923706,-0.07466369867324829,0,0.040571894496679306,0.3012467324733734,0.9526711702346802,0,0.12013957649469376,-0.9480085968971252,0.2946566343307495,0,0,0.308584988117218,0,1
B63,mixamorig_RightToeBase,62,0.9976077675819397,-0.004554214887320995,0.06897493451833725,0,-0.03861328214406967,0.790903627872467,0.6107102036476135,0,-0.05733468756079674,-0.611912190914154,0.7888357043266296,0,0,0.1414410024881363,0,1
B64,mixamorig_RightToe_End,63,1,0,0,0,0,1,0,0,0,0,1,0,0,0.0654049962759018,0,1
@52,0,1,2,3,4,5,7,8,9,10,11,12,13,15,16,17,19,20,21,23,24,25,27,28,29,31,32,33,34,35,36,37,39,40,41,43,44,45,47,48,49,51,52,53,55,56,57,58,60,61,62,63
K0.000,0.9993330240249634,0.01580199971795082,-0.03291799873113632,0,-0.014658000320196152,0.9992899894714355,0.03471200168132782,0,0.03344300016760826,-0.034205999225378036,0.9988549947738647,0,-0.00004199999966658652,0.7924370169639587,0.0032029999420046806,1,0.999576985836029,-0.01906999945640564,0.021936999633908272,0,0.018942000344395638,0.9998019933700562,0.006033000070601702,0,-0.022047000005841255,-0.005615000147372484,0.9997410178184509,0,0,0.11593600362539291,-0.011792999692261219,1,0.9988769888877869,0.015184000134468079,0.04487000033259392,0,-0.017105000093579292,0.9989389777183533,0.042750000953674316,0,-0.044172998517751694,-0.04346900060772896,0.9980779886245728,0,0,0.1359570026397705,0,1,0.9988669753074646,0.017210999503731728,0.044374000281095505,0,-0.01908699981868267,0.9989259839057922,0.04221300035715103,0,-0.04360000044107437,-0.04301299899816513,0.9981229901313782,0,0,0.1553799957036972,0,1,0.999301016330719,-0.0006750000175088644,-0.037376999855041504,0,0.004141999874264002,0.9956799745559692,0.09275999665260315,0,0.03715299814939499,-0.092849001288414,0.9949870109558105,0,0,0.1748020052909851,0,1,0.9963399767875671,-0.03709600120782852,-0.07700999826192856,0,0.03264699876308441,0.997767984867096,-0.05825499817728996,0,0.07899899780750275,0.05552700161933899,0.9953269958496094,0,0,0.14271500706672668,0.003986999858170748,1,-0.06351599842309952,0.010276000015437603,-0.9979280233383179,0,0.807699978351593,-0.5867879986763,-0.057450998574495316,0,-0.5861619710922241,-0.8096759915351868,0.02896999940276146,0,0.05319900065660477,0.13666799664497375,-0.012377999722957611,1,0.9025120139122009,0.3101139962673187,-0.29883500933647156,0,-0.04815699905157089,0.7622079849243164,0.6455379724502563,0,0.427964985370636,-0.568215012550354,0.7028359770774841,0,0,0.13756999373435974,0,1,0.9824069738388062,0.1866620033979416,-0.005758000072091818,0,-0.1862040013074875,0.9814220070838928,0.046243999153375626,0,0.01428299956023693,-0.0443589985370636,0.9989140033721924,0,0,0.23937299847602844,0,1,0.9396370053291321,-0.16042999923229218,-0.3022339940071106,0,0.21868599951267242,0.960902988910675,0.16982699930667877,0,0.2631720006465912,-0.2256699949502945,0.9379839897155762,0,0,0.17089100182056427,0,1,0.8314759731292725,0.5501289963722229,-0.07749900221824646,0,-0.5075119733810425,0.8088859915733337,0.296875,0,0.22600699961185455,-0.2075130045413971,0.9517660140991211,0,-0.016023000702261925,0.04635800048708916,0.014933000318706036,1,0.8906109929084778,-0.45208901166915894,-0.04926599934697151,0,0.44742101430892944,0.8904619812965393,-0.08301600068807602,0,0.08139999955892563,0.051892999559640884,0.9953299760818481,0,0.002741999924182892,0.04092499986290932,0,1,0.8787040114402771,0.38370299339294434,-0.2839910089969635,0,-0.45398399233818054,0.8556089997291565,-0.24865999817848206,0,0.14757399260997772,0.34742599725723267,0.9260219931602478,0,-0.007122000213712454,0.033424001187086105,0,1,0.9836140275001526,0.18024000525474548,-0.004162000026553869,0,-0.17298400402069092,0.9500160217285156,0.259894996881485,0,0.050797998905181885,-0.2549169957637787,0.9656280279159546,0,-0.031094999983906746,0.12571899592876434,-0.000037000001611886546,1,0.9999139904975891,-0.012900000438094139,-0.0023739999160170555,0,0.013073000125586987,0.9651899933815002,0.26122400164604187,0,-0.0010779999429360032,-0.26123300194740295,0.96527498960495,0,-0.00011200000153621659,0.025721000507473946,0,1,0.9999229907989502,-0.012411000207066536,-0.0005290000117383897,0,0.012117999605834484,0.9652000069618225,0.26123300194740295,0,-0.002732000080868602,-0.2612200081348419,0.9652760028839111,0,-0.00002700000004551839,0.024692000821232796,0,1,0.9998180270195007,0.01904500089585781,0.000981000019237399,0,-0.017782000824809074,0.9124460220336914,0.4088110029697418,0,0.006889999844133854,-0.40875399112701416,0.9126179814338684,0,-0.013526000082492828,0.13309699296951294,-0.005820999853312969,1,0.9998120069503784,-0.019317999482154846,-0.0018909999635070562,0,0.019293000921607018,0.9783629775047302,0.20599499344825745,0,-0.002128999913111329,-0.20599299669265747,0.9785509705543518,0,-0.000045000000682193786,0.030094999819993973,0,1,0.9995430111885071,-0.0300929993391037,-0.003031000029295683,0,0.029942000284790993,0.9703609943389893,0.23980000615119934,0,-0.004275000188499689,-0.23978100717067719,0.9708179831504822,0,0.00007200000254670158,0.028284000232815742,0,1,0.9994170069694519,-0.03354499861598015,0.006407000124454498,0,0.02777799963951111,0.9076079726219177,0.4188989996910095,0,-0.019866999238729477,-0.41847699880599976,0.9080100059509277,0,0.012670000083744526,0.1332390010356903,-0.0036279999185353518,1,0.9991099834442139,-0.041682999581098557,-0.006424000021070242,0,0.041471999138593674,0.9432790279388428,0.3294009864330292,0,-0.007670999970287085,-0.3293739855289459,0.944167971611023,0,0.00003400000059627928,0.026302000507712364,0,1,0.9982089996337891,-0.058754000812768936,-0.011281000450253487,0,0.05885300040245056,0.9304479956626892,0.3616679906845093,0,-0.010753000155091286,-0.36168399453163147,0.9322389960289001,0,0.00005199999941396527,0.024826999753713608,0,1,0.9967420101165771,-0.0800900012254715,0.009542999789118767,0,0.06364999711513519,0.8537219762802124,0.5168250203132629,0,-0.049539998173713684,-0.5145339965820312,0.856037974357605,0,0.031950999051332474,0.12392400205135345,-0.0008110000053420663,1,0.9988120198249817,-0.04835300147533417,-0.006074000149965286,0,0.04793199896812439,0.952243983745575,0.30155301094055176,0,-0.008797000162303448,-0.30148500204086304,0.9534299969673157,0,0.00007699999696342275,0.02375200018286705,0,1,0.9981570243835449,-0.059964001178741455,-0.009345999918878078,0,0.05998900160193443,0.9515860080718994,0.301472008228302,0,-0.009184000082314014,-0.30147698521614075,0.9534289836883545,0,0.00006800000119255856,0.01880500093102455,0,1,0.14672300219535828,-0.0063669998198747635,0.9891570210456848,0,-0.7733950018882751,-0.6241840124130249,0.11070100218057632,0,0.6167110204696655,-0.7812510132789612,-0.09650599956512451,0,-0.05319900065660477,0.13495700061321259,0.004447000101208687,1,0.804295003414154,-0.4059930145740509,0.433910995721817,0,0.15424400568008423,0.8478170037269592,0.5073609948158264,0,-0.5738620162010193,-0.3411400020122528,0.7445170283317566,0,0,0.13756999373435974,0,1,0.9235219955444336,-0.38315701484680176,0.017255999147892,0,0.38305699825286865,0.9191439747810364,-0.09188300371170044,0,0.019345000386238098,0.09146600216627121,0.9956200122833252,0,0,0.23937800526618958,0,1,0.9676460027694702,0.07411099970340729,-0.24118000268936157,0,-0.037338998168706894,0.9874259829521179,0.15361100435256958,0,0.24953199923038483,-0.13963599503040314,0.9582459926605225,0,0,0.16838599741458893,0,1,0.8101329803466797,-0.5680689811706543,0.14485399425029755,0,0.4548949897289276,0.764989972114563,0.45591700077056885,0,-0.3698039948940277,-0.3034600019454956,0.878154993057251,0,0.02542000077664852,0.06073400005698204,0.01903899945318699,1,0.8606489896774292,0.5088160037994385,-0.019756000488996506,0,-0.5080170035362244,0.8553630113601685,-0.10135599970817566,0,-0.03467300161719322,0.09726899862289429,0.9946539998054504,0,-0.004736999981105328,0.05462399870157242,0,1,0.983705997467041,-0.11085599660873413,-0.1415420025587082,0,0.06265000253915787,0.9492959976196289,-0.30807700753211975,0,0.16851699352264404,0.294189989566803,0.9407730102539062,0,0.0036979999858886003,0.04222499951720238,0,1,0.985683023929596,-0.16433300077915192,-0.03774299845099449,0,0.16777099668979645,0.9335569739341736,0.3167400062084198,0,-0.016815999522805214,-0.31853801012039185,0.9477609992027283,0,0.03757999837398529,0.14666299521923065,0.0036770000588148832,1,0.9995250105857849,0.03016900084912777,0.00634300010278821,0,-0.03016900084912777,0.9148709774017334,0.4026179909706116,0,0.00634300010278821,-0.4026179909706116,0.9153460264205933,0,-0.000009999999747378752,0.02348800003528595,0,1,0.9999060034751892,0.013635000213980675,0.0012509999796748161,0,-0.013635000213980675,0.983210027217865,0.18196499347686768,0,0.0012509999796748161,-0.18196499347686768,0.9833040237426758,0,-0.000029999999242136255,0.0218260008841753,0,1,0.9960160255432129,-0.08709199726581573,-0.019166000187397003,0,0.08836500346660614,0.9349700212478638,0.34354498982429504,0,-0.012000000104308128,-0.34387001395225525,0.9389410018920898,0,0.013751000165939331,0.1502559930086136,-0.005601999815553427,1,0.9988340139389038,0.0460130013525486,0.014638000167906284,0,-0.0460130013525486,0.8151329755783081,0.5774440169334412,0,0.014638000167906284,-0.5774440169334412,0.8162990212440491,0,0.000037000001611886546,0.02859099954366684,0,1,0.9995970129966736,0.027924999594688416,0.005053999833762646,0,-0.027924999594688416,0.9361680150032043,0.35044100880622864,0,0.005053999833762646,-0.35044100880622864,0.9365710020065308,0,-0.00002700000004551839,0.026311000809073448,0,1,0.9987969994544983,-0.04899799823760986,-0.0018309999722987413,0,0.0460439994931221,0.9244210124015808,0.37858399748802185,0,-0.016857000067830086,-0.37821298837661743,0.9255650043487549,0,-0.01723800040781498,0.16201600432395935,-0.0020089999306946993,1,0.9981740117073059,0.05531400069594383,0.02425999939441681,0,-0.05531400069594383,0.675823986530304,0.7349849939346313,0,0.02425999939441681,-0.7349849939346313,0.6776490211486816,0,-0.0000019999999949504854,0.01920199953019619,0,1,0.9995459914207458,0.029523000121116638,0.0060339998453855515,0,-0.029523000121116638,0.9193689823150635,0.3922869861125946,0,0.0060339998453855515,-0.3922869861125946,0.9198229908943176,0,-0.000014000000192027073,0.017619000747799873,0,1,0.9994850158691406,-0.026863999664783478,-0.017575999721884727,0,0.031929001212120056,0.8886740207672119,0.4574269950389862,0,0.0033309999853372574,-0.457751989364624,0.8890740275382996,0,-0.03409399837255478,0.15438400208950043,0.003192000091075897,1,0.9989640116691589,0.04410700127482414,0.011233000084757805,0,-0.04410700127482414,0.8772140145301819,0.4780699908733368,0,0.011233000084757805,-0.4780699908733368,0.878250002861023,0,-0.000035000000934815034,0.019951000809669495,0,1,0.999675989151001,0.02521499991416931,0.003512999974191189,0,-0.02521499991416931,0.9615979790687561,0.27330100536346436,0,0.003512999974191189,-0.27330100536346436,0.9619219899177551,0,-0.000007000000096013537,0.017869999632239342,0,1,-0.9815620183944702,-0.005402999930083752,0.19106900691986084,0,0.08794800192117691,-0.9002730250358582,0.426349014043808,0,0.16970999538898468,0.43529200553894043,0.8841490149497986,0,0.10147599875926971,-0.06388100236654282,-0.014752999879419804,1,0.9925529956817627,-0.12171799689531326,-0.004782999865710735,0,0.05591699853539467,0.49016401171684265,-0.8698350191116333,0,0.10821899771690369,0.8630899786949158,0.4933199882507324,0,0,0.35604000091552734,0,1,0.9956309795379639,0.013710999861359596,0.09236499667167664,0,-0.08934000134468079,0.42760300636291504,0.8995410203933716,0,-0.02716200053691864,-0.9038630127906799,0.42695900797843933,0,0,0.3088560104370117,0,1,0.9973030090332031,0.0056940000504255295,-0.07317499816417694,0,0.04299899935722351,0.7626450061798096,0.6453859806060791,0,0.05948200076818466,-0.6467919945716858,0.7603440284729004,0,0,0.13569700717926025,0,1,-0.9924100041389465,-0.0026599999982863665,-0.1229420006275177,0,-0.0156870000064373,-0.988860011100769,0.14802199602127075,0,-0.12196599692106247,0.14882700145244598,0.9813129901885986,0,-0.10147599875926971,-0.06388100236654282,0.006767000071704388,1,0.9983180165290833,0.018672000616788864,0.054892998188734055,0,-0.0015059999423101544,0.9547610282897949,-0.29736998677253723,0,-0.057962000370025635,0.29678699374198914,0.9531829953193665,0,0,0.3554359972476959,0,1,0.9961370229721069,-0.015356999821960926,-0.0864579975605011,0,0.08709999918937683,0.29786500334739685,0.950626015663147,0,0.011153999716043472,-0.9544839859008789,0.29805201292037964,0,0,0.308584988117218,0,1,0.9974089860916138,-0.0033629999961704016,0.07186099886894226,0,-0.03923000022768974,0.8118829727172852,0.5824999809265137,0,-0.0603020004928112,-0.5838099718093872,0.8096479773521423,0,0,0.1414410024881363,0,1
K0.033,0.9995970129966736,0.0148478914052248,-0.024214886128902435,0,-0.013756894506514072,0.9989089965820312,0.04462110623717308,0,0.024850882589817047,-0.0442701131105423,0.9987099766731262,0,0.0012750227469950914,0.7953879237174988,0.0011469940654933453,1,0.9998300075531006,-0.017417823895812035,0.005974826402962208,0,0.017421822994947433,0.9998480081558228,-0.0005330749554559588,0,-0.005964826792478561,0.0006370740011334419,0.9999819993972778,0,0,0.11593600362539291,-0.011792999692261219,1,0.9994140267372131,0.007197892293334007,0.03345588222146034,0,-0.008489887230098248,0.9992169737815857,0.038652967661619186,0,-0.033151883631944656,-0.03891396149992943,0.998691976070404,0,0,0.1359570026397705,0,1,0.9994180202484131,0.008927890099585056,0.0329308807849884,0,-0.010187884792685509,0.9992139935493469,0.038308966904878616,0,-0.03256288543343544,-0.038622964173555374,0.9987229704856873,0,0,0.1553799957036972,0,1,0.9994379878044128,-0.0032569854520261288,-0.0333639420568943,0,0.006364979315549135,0.995602011680603,0.09346598386764526,0,0.03291293978691101,-0.09362498670816422,0.9950630068778992,0,0,0.1748020052909851,0,1,0.9977899789810181,-0.035548992455005646,-0.05613882094621658,0,0.032673999667167664,0.9981480240821838,-0.05132199078798294,0,0.05785981938242912,0.04937399923801422,0.9971029758453369,0,0,0.14271500706672668,0.003986999858170748,1,-0.08007815480232239,0.0102490009739995,-0.9967359900474548,0,0.8096269965171814,-0.5826309323310852,-0.07103613018989563,0,-0.5814569592475891,-0.8126729726791382,0.03835808485746384,0,0.05319900065660477,0.13666799664497375,-0.012377999722957611,1,0.916485071182251,0.23293322324752808,-0.32526519894599915,0,0.033942773938179016,0.7648189663887024,0.6433499455451965,0,0.3986266553401947,-0.6006612777709961,0.6930389404296875,0,0,0.13756999373435974,0,1,0.9824690222740173,0.1863359808921814,-0.005773000884801149,0,-0.18587899208068848,0.9814879894256592,0.04616299644112587,0,0.0142679987475276,-0.044280994683504105,0.9989169836044312,0,0,0.23937299847602844,0,1,0.9429910778999329,-0.1380397081375122,-0.30284199118614197,0,0.21209979057312012,0.9504709243774414,0.2271973341703415,0,0.25648102164268494,-0.278477281332016,0.9255639314651489,0,0,0.17089100182056427,0,1,0.8314759731292725,0.5501289963722229,-0.07749900221824646,0,-0.5075119733810425,0.8088859915733337,0.296875,0,0.22600799798965454,-0.2075130045413971,0.9517660140991211,0,-0.016023000702261925,0.04635800048708916,0.014933000318706036,1,0.8959479928016663,-0.4420499801635742,-0.04322601854801178,0,0.43709897994995117,0.8948060274124146,-0.09091999381780624,0,0.0788700059056282,0.06256498396396637,0.994920015335083,0,0.002741999924182892,0.04092499986290932,0,1,0.8813729882240295,0.37939900159835815,-0.2814910113811493,0,-0.4490019977092743,0.8580139875411987,-0.2494170069694519,0,0.14689399302005768,0.3462199866771698,0.9265819787979126,0,-0.007122000213712454,0.033424001187086105,0,1,0.9813889861106873,0.1919899880886078,-0.003970007412135601,0,-0.18529798090457916,0.9522020220756531,0.24285197257995605,0,0.050404999405145645,-0.23759597539901733,0.9700549840927124,0,-0.031094999983906746,0.12571899592876434,-0.000037000001611886546,1,0.9999139904975891,-0.012914000079035759,-0.002377999946475029,0,0.013086000457406044,0.9651309847831726,0.2614389955997467,0,-0.0010809999657794833,-0.261447012424469,0.9652169942855835,0,-0.00011200000153621659,0.025721000507473946,0,1,0.9999229907989502,-0.012426000088453293,-0.0005310000851750374,0,0.012132000178098679,0.965142011642456,0.261447012424469,0,-0.0027360001113265753,-0.2614330053329468,0.9652180075645447,0,-0.00002700000004551839,0.024692000821232796,0,1,0.9997339844703674,0.022932004183530807,0.0025250010658055544,0,-0.02205200307071209,0.9177169799804688,0.3966209888458252,0,0.006777999922633171,-0.39657101035118103,0.9179790019989014,0,-0.013526000082492828,0.13309699296951294,-0.005820999853312969,1,0.9998109936714172,-0.019324999302625656,-0.0018920000875368714,0,0.019300000742077827,0.978348970413208,0.2060600072145462,0,-0.002130999928340316,-0.20605699717998505,0.9785379767417908,0,-0.000045000000682193786,0.030094999819993973,0,1,0.9995419979095459,-0.03009999915957451,-0.0030330000445246696,0,0.029949000105261803,0.9703450202941895,0.23986299335956573,0,-0.004277000203728676,-0.23984399437904358,0.9708020091056824,0,0.00007200000254670158,0.028284000232815742,0,1,0.9994549751281738,-0.03209099918603897,0.007747999858111143,0,0.02626200020313263,0.9150850176811218,0.4024049937725067,0,-0.020004000514745712,-0.40198200941085815,0.9154289960861206,0,0.012670000083744526,0.1332390010356903,-0.0036279999185353518,1,0.9991099834442139,-0.041682999581098557,-0.006424000021070242,0,0.041471999138593674,0.9432780146598816,0.32940399646759033,0,-0.007670999970287085,-0.3293769955635071,0.9441670179367065,0,0.00003400000059627928,0.026302000507712364,0,1,0.9982089996337891,-0.058754000812768936,-0.011281000450253487,0,0.05885300040245056,0.930446982383728,0.36166900396347046,0,-0.010753000155091286,-0.36168500781059265,0.932237982749939,0,0.00005199999941396527,0.024826999753713608,0,1,0.9965320229530334,-0.08272397518157959,0.009018010459840298,0,0.06666697561740875,0.8585169911384583,0.5084329843521118,0,-0.04980200156569481,-0.5060679912567139,0.8610550165176392,0,0.031950999051332474,0.12392400205135345,-0.0008110000053420663,1,0.9988089799880981,-0.048416998237371445,-0.00609199982136488,0,0.04799500107765198,0.9521170258522034,0.30194300413131714,0,-0.008818999864161015,-0.3018760085105896,0.9533069729804993,0,0.00007699999696342275,0.02375200018286705,0,1,0.9981529712677002,-0.06002800166606903,-0.009367999620735645,0,0.06005299836397171,0.9514579772949219,0.3018620014190674,0,-0.009205999784171581,-0.3018670082092285,0.9533050060272217,0,0.00006800000119255856,0.01880500093102455,0,1,0.15257607400417328,-0.006359007675200701,0.9882709980010986,0,-0.7750970721244812,-0.621164858341217,0.11566806584596634,0,0.6131438612937927,-0.7836540341377258,-0.09970403462648392,0,-0.05319900065660477,0.13495700061321259,0.004447000101208687,1,0.7866898775100708,-0.4288351535797119,0.44409307837486267,0,0.1921953558921814,0.8537360429763794,0.48393869400024414,0,-0.586668074131012,-0.29535651206970215,0.7540451288223267,0,0,0.13756999373435974,0,1,0.9042816162109375,-0.4263756573200226,0.021872080862522125,0,0.4262646436691284,0.8988016247749329,-0.10224715620279312,0,0.023938080295920372,0.10178415477275848,0.9945189952850342,0,0,0.23937800526618958,0,1,0.964963972568512,0.12223748862743378,-0.2321687787771225,0,-0.07519441843032837,0.9765688180923462,0.20163947343826294,0,0.2513769268989563,-0.17711639404296875,0.9515459537506104,0,0,0.16838599741458893,0,1,0.8101329803466797,-0.5680689811706543,0.14485399425029755,0,0.4548949897289276,0.764989972114563,0.45591801404953003,0,-0.3698050081729889,-0.3034600019454956,0.878154993057251,0,0.02542000077664852,0.06073400005698204,0.01903899945318699,1,0.8630540370941162,0.5047288537025452,-0.019686875864863396,0,-0.5039018988609314,0.8576340675354004,-0.10269496589899063,0,-0.03494807332754135,0.0985519140958786,0.994517982006073,0,-0.004736999981105328,0.05462399870157242,0,1,0.9837009906768799,-0.11095301806926727,-0.14149700105190277,0,0.06275101751089096,0.9492790102958679,-0.30810999870300293,0,0.16850599646568298,0.29420900344848633,0.9407690167427063,0,0.0036979999858886003,0.04222499951720238,0,1,0.9856169819831848,-0.1644749939441681,-0.038810037076473236,0,0.16813801229000092,0.9313769340515137,0.32290220260620117,0,-0.01696200482547283,-0.32478323578834534,0.9456359148025513,0,0.03757999837398529,0.14666299521923065,0.0036770000588148832,1,0.9995239973068237,0.030174998566508293,0.006345999427139759,0,-0.030174998566508293,0.9148330092430115,0.4027029871940613,0,0.006345999427139759,-0.4027029871940613,0.9153090119361877,0,-0.000009999999747378752,0.02348800003528595,0,1,0.9999060034751892,0.01364199910312891,0.0012519997544586658,0,-0.01364199910312891,0.9831929802894592,0.1820569783449173,0,0.0012529997620731592,-0.1820569783449173,0.98328697681427,0,-0.000029999999242136255,0.0218260008841753,0,1,0.9958670139312744,-0.08852700889110565,-0.020290015265345573,0,0.09000501036643982,0.9320569634437561,0.35095515847206116,0,-0.012157002463936806,-0.3513311445713043,0.9361719489097595,0,0.013751000165939331,0.1502559930086136,-0.005601999815553427,1,0.9988309741020203,0.04606100171804428,0.014671999961137772,0,-0.04606100171804428,0.8147079944610596,0.5780389904975891,0,0.014671999961137772,-0.5780389904975891,0.8158770203590393,0,0.000037000001611886546,0.02859099954366684,0,1,0.9995959997177124,0.02797899954020977,0.005073999986052513,0,-0.02797899954020977,0.9359130263328552,0.3511179983615875,0,0.00507500022649765,-0.3511179983615875,0.9363170266151428,0,-0.00002700000004551839,0.026311000809073448,0,1,0.9987050294876099,-0.05079704150557518,-0.0027190230321139097,0,0.04797104001045227,0.922654926776886,0.3826301395893097,0,-0.016927001997828484,-0.3822651505470276,0.9238969683647156,0,-0.01723800040781498,0.16201600432395935,-0.0020089999306946993,1,0.9981709718704224,0.05534899979829788,0.02429799921810627,0,-0.05534899979829788,0.6753090023994446,0.7354549765586853,0,0.02429799921810627,-0.7354549765586853,0.6771379709243774,0,-0.0000019999999949504854,0.01920199953019619,0,1,0.9995440244674683,0.02957100048661232,0.006054000463336706,0,-0.02957100048661232,0.9190980195999146,0.39291900396347046,0,0.006054000463336706,-0.39291900396347046,0.9195529818534851,0,-0.000014000000192027073,0.017619000747799873,0,1,0.9993879795074463,-0.029080098494887352,-0.019460083916783333,0,0.034779127687215805,0.88667893409729,0.4610751271247864,0,0.0038460225332528353,-0.4614701271057129,0.8871479630470276,0,-0.03409399837255478,0.15438400208950043,0.003192000091075897,1,0.998960018157959,0.044183000922203064,0.011273999698460102,0,-0.044183000922203064,0.8767560124397278,0.47890201210975647,0,0.011274999938905239,-0.47890201210975647,0.8777959942817688,0,-0.000035000000934815034,0.019951000809669495,0,1,0.9996740221977234,0.025293000042438507,0.0035349999088793993,0,-0.025293000042438507,0.9613530039787292,0.2741529941558838,0,0.0035359999164938927,-0.2741529941558838,0.961679995059967,0,-0.000007000000096013537,0.017869999632239342,0,1,-0.9834050536155701,0.015119044110178947,0.18079480528831482,0,0.07341587543487549,-0.8781239986419678,0.4727669954299927,0,0.1659078449010849,0.478193998336792,0.8624410629272461,0,0.10147599875926971,-0.06388100236654282,-0.014752999879419804,1,0.9938439726829529,-0.1084078773856163,0.022860288619995117,0,0.09234216809272766,0.696505069732666,-0.7115840315818787,0,0.06121931970119476,0.7093141078948975,0.7022280693054199,0,0,0.35604000091552734,0,1,0.995809018611908,-0.010766085237264633,0.09081900864839554,0,-0.07599891722202301,0.4549907147884369,0.8872466087341309,0,-0.05087313801050186,-0.8904305696487427,0.4522657096385956,0,0,0.3088560104370117,0,1,0.9971039891242981,0.004587993491441011,-0.07590601593255997,0,0.043671004474163055,0.7826181054115295,0.6209688782691956,0,0.06225401535630226,-0.622485876083374,0.7801511287689209,0,0,0.13569700717926025,0,1,-0.9907799363136292,-0.0034949914552271366,-0.13543428480625153,0,-0.0020149233750998974,-0.9991769790649414,0.040522415190935135,0,-0.13546526432037354,0.040422406047582626,0.9899569153785706,0,-0.10147599875926971,-0.06388100236654282,0.006767000071704388,1,0.99680095911026,0.0008040708489716053,0.07992333918809891,0,0.013987984508275986,0.9827629923820496,-0.18433791399002075,0,-0.07869435101747513,0.18486690521240234,0.9796079993247986,0,0,0.3554359972476959,0,1,0.9963690042495728,-0.0008420964004471898,-0.08513600379228592,0,0.08191503584384918,0.2820904552936554,0.9558840990066528,0,0.02321186475455761,-0.9593871235847473,0.2811354994773865,0,0,0.308584988117218,0,1,0.9973790049552917,-0.0031769988127052784,0.07228700071573257,0,-0.039312999695539474,0.8149200081825256,0.5782390236854553,0,-0.060746002942323685,-0.5795649886131287,0.8126590251922607,0,0,0.1414410024881363,0,1
